0,0,150
0,0,150
0,0,150
0,0,150
0,0,150
0,0,150
0,0,150
0,0,150
0,0,150
0,0,150
0,0,150
0,0,150
0,0,150
0,0,150
0,0,150
-123.24,-2.6418,94.294
-123.27,-2.878,95.76
-119.72,-2.541,95.214
-118.79,-2.1799,94.547
-118.64,-2.2014,94.722
-120.89,-2.9416,95.612
-123.42,-3.6196,96.786
-123.11,-3.6985,97.157
-125.82,-4.0989,98.323
-128.42,-4.6823,99.601
-128.42,-4.6823,99.601
-129.55,-4.6888,100.25
-130.59,-4.7626,101.46
-130.74,-4.7272,101.26
-131.96,-4.9907,101.93
-132.55,-4.8943,101.99
-132.49,-4.94,102.08
-133.48,-4.9875,102.58
-135.25,-5.1061,103.66
-135.33,-5.0146,103.53
-137.79,-5.175,104.87
-140.55,-5.4158,105.58
-140.41,-5.4253,105.79
-142.74,-5.5244,106.23
-144.07,-5.4853,106.48
-144.07,-5.4853,106.48
-144.43,-5.5574,106.27
-144.42,-5.4046,106.32
-144.27,-5.2602,106.52
-144.48,-5.2531,106.4
-144.97,-5.1459,106.03
-144.84,-5.1931,106.21
-145.14,-5.4094,105.46
-144.92,-5.6024,105.04
-144.92,-5.6024,105.04
-144.49,-5.911,104.37
-143.78,-6.1235,103.56
-143.76,-6.1739,103.59
-143.44,-6.2707,102.82
-143.54,-6.2957,101.65
-143.53,-6.3207,101.65
-143.46,-6.0268,101.22
-143.44,-5.8275,100.98
-143.49,-5.8837,100.93
-143.53,-5.8583,100.79
-143.53,-5.8583,100.79
-143.38,-5.8023,100.84
-142.6,-6.0878,101.89
-142.6,-6.0878,101.89
-141,-6.5158,105.12
-140.75,-5.7791,106.42
-140.65,-5.3048,106.5
-142.37,-2.3505,107.87
-143.12,-1.8364,108
-142.17,-1.4125,109.72
-142.07,-1.3782,110.46
-141.45,-1.1444,111.93
-141.86,-1.1876,111.19
-140.88,-1.3996,112.81
-140.53,-1.5413,113.03
-140.65,-1.5441,112.84
-139.58,-1.8168,113.45
-138.48,-2.1895,113.55
-138.48,-2.1895,113.55
-137.52,-2.3039,112.4
-136.35,-2.4923,112
-136.35,-2.4923,112
-134.7,-2.4737,111.81
-134.23,-2.6704,110.57
-133.91,-2.5756,111.07
-134.35,-3.2176,108.14
-133.33,-2.9882,108.89
-133.76,-3.2087,108.15
-134.23,-3.4624,102.9
-134.45,-3.4457,101.61
-133.97,-3.5313,102.31
-134.61,-2.0655,100.74
-135.25,-0.8776,99.221
-135.42,-0.89678,98.983
-135.26,-0.24936,98.816
-134.88,-0.078806,99.033
-134.84,-0.085214,99.089
-134.42,0.26073,99.192
-134.42,0.26073,99.192
-133.79,0.51362,99.357
-132.89,1.1649,99.399
-132.89,1.1649,99.399
-132.36,1.6898,99.158
-131.94,2.128,98.934
-131.94,2.128,98.934
-131.64,2.4705,98.811
-131.55,2.5577,99.111
-131.55,2.5569,99.11
-131.43,2.5688,99.652
-131.39,2.5341,100.03
-131.39,2.5341,100.03
-132.1,2.2567,100.51
-132.11,2.2564,100.49
-133.21,1.7911,101.02
-134.34,1.2008,101.55
-134.34,1.2008,101.55
-135.66,0.76635,102.1
-136.84,0.17667,102.49
-136.84,0.17667,102.49
-137.81,-0.58805,103.03
-138.89,-1.15,103.12
-138.89,-1.15,103.12
-139.64,-1.497,103.21
-140.18,-1.7393,103.26
-140.18,-1.7393,103.26
-141.18,-2.206,103.23
-142.5,-2.7741,103.23
-142.5,-2.7741,103.23
-143.88,-3.3675,103.19
-144.88,-3.7459,103.33
-144.88,-3.7459,103.33
-145.29,-3.8699,103.31
-145.43,-3.9116,103.33
-145.43,-3.9116,103.33
-145.6,-3.9765,103.39
-145.6,-3.9765,103.39
-146.67,-4.4367,103.52
-147.76,-4.8725,103.7
-147.76,-4.8725,103.7
-148.41,-5.1252,103.85
-148.58,-5.0694,103.76
-148.58,-5.0694,103.76
-148.53,-4.9361,103.56
-148.29,-4.7146,103.08
-148.29,-4.7146,103.08
-147.34,-4.236,102.95
-147.34,-4.236,102.95
-146.65,-3.6073,102.33
-146.3,-3.1396,101.84
-146.3,-3.1396,101.84
-146.13,-2.8033,101.5
-146.09,-2.6142,101.36
-146.1,-2.6394,101.35
-146,-2.445,101.06
-146.12,-2.4681,101.04
-146.12,-2.4681,101.04
-146.86,-2.9524,101.1
-146.86,-2.9524,101.1
-147.41,-3.2902,101.12
-147.53,-3.3879,101.12
-147.51,-3.3829,101.15
-147.24,-3.1972,101.05
-146.43,-2.644,100.51
-146.43,-2.644,100.51
-144.33,-1.3245,100.16
-144.33,-1.3245,100.16
-141.89,0.40958,99.799
-139.6,2.1351,99.539
-139.54,2.1442,99.624
-136.97,2.9541,98.837
-136.26,3.3603,98.998
-136.26,3.3603,98.998
-137.78,3.1373,98.719
-139.77,2.1522,99.299
-139.77,2.1513,99.298
-140.8,1.5647,99.417
-140.8,1.5647,99.417
-141.11,1.4085,99.253
-141.17,1.3805,99.273
-141.17,1.3805,99.273
-141.21,1.2334,99.164
-141.26,1.1321,99.035
-141.26,1.1321,99.035
-141.43,0.74043,98.053
-141.48,0.26563,96.905
-141.31,0.3222,97.112
-141.29,0.14074,96.694
-141.28,0.14343,96.703
-140.87,0.077527,95.833
-140.56,-0.39985,94.798
-140.44,-0.34818,94.931
-140.28,-0.57375,94.572
-140.1,-0.88785,94.246
-140.08,-0.87838,94.268
-140.11,-0.93899,94.212
-140.19,-1.0773,94.158
-140.15,-1.051,94.2
-140.32,-0.9428,94.248
-140.25,-0.11486,94.963
-140.42,-0.19218,94.747
-140.39,0.52932,95.483
-140.42,0.51268,95.435
-140.38,1.2002,96.416
-140.47,1.3837,96.613
-140.47,1.3814,96.607
-140.47,1.6438,96.78
-140.47,2.0293,96.701
-140.47,2.0293,96.701
-140.53,2.0745,96.565
-139.8,0.88986,98.005
-139.76,0.90224,98.054
-137.05,-1.788,102.17
-134.58,-4.3814,104.79
-134.57,-4.3624,104.79
-135.38,-3.4452,103.3
-135.43,-2.8414,103.66
-135.25,-2.8117,103.96
-134.65,-2.6091,105.31
-134.63,-2.4191,105.67
-134.65,-2.419,105.64
-134.77,-3.6446,102.89
-136.54,-1.2692,100.92
-136.54,-1.2692,100.92
-137.37,0.25137,99.385
-137.98,1.5353,98.105
-137.98,1.5353,98.105
-138.12,2.4095,97.413
-137.34,3.3592,96.95
-137.34,3.3592,96.95
-136.5,4.3651,96.892
-135.63,6.2116,97.577
-135.61,6.2142,97.601
-134.39,8.5193,98.458
-132.43,4.3511,95.062
-132.43,4.3469,95.049
-131.1,4.8035,94.832
-131.47,4.8363,94.768
-131.48,4.8356,94.762
-132.95,4.5237,94.731
-134.77,9.6733,98.616
-134.74,9.6766,98.641
-137.06,6.8183,97.895
-138.61,5.2217,97.624
-138.62,5.213,97.595
-139.23,4.4398,97.395
-139.76,3.989,97.334
-139.76,3.989,97.334
-139.96,3.8416,97.293
-139.96,3.8416,97.293
-140.15,3.4683,97.026
-140.77,2.8385,96.925
-140.77,2.8385,96.925
-140.88,2.7743,96.966
-140.98,2.6428,96.833
-140.98,2.6428,96.833
-141,2.5896,96.799
-140.96,2.6019,96.852
-141.01,2.5363,96.762
-141.02,2.5258,96.793
-141.02,2.5258,96.793
-141.07,2.4887,96.811
-141.23,2.2019,96.818
-141.23,2.2019,96.818
-141.36,1.6567,97.004
-141.36,1.6567,97.004
-141.52,0.96111,97.248
-141.62,0.41902,97.542
-141.62,0.41902,97.542
-141.42,-0.92405,98.67
-141.4,-2.0862,99.482
-141.4,-2.0862,99.482
-143.97,-3.4698,100.16
-146.49,-5.0528,101.26
-146.49,-5.0528,101.26
-148.24,-5.9245,101.69
-148.24,-5.9245,101.69
-148.28,-5.851,101.65
-147.49,-5.4272,101.57
-147.49,-5.4272,101.57
-146.09,-4.6916,101.48
-144.91,-4.0995,101.55
-144.91,-4.0995,101.55
-144.24,-3.5538,101.35
-144.24,-3.5538,101.35
-144.19,-3.0771,100.9
-144.26,-2.7746,100.47
-144.26,-2.7746,100.47
-144.35,-2.6907,100.29
-144.39,-2.4174,99.982
-144.39,-2.4174,99.982
-144.44,-2.3565,99.844
-144.43,-2.3362,99.908
-144.43,-2.3362,99.908
-144.51,-2.3171,99.855
-144.51,-2.3171,99.855
-144.61,-2.3611,99.842
-144.71,-2.4585,99.882
-144.71,-2.4585,99.882
-144.93,-2.7224,99.929
-145.53,-3.2604,99.764
-145.53,-3.2604,99.764
-146.03,-3.5743,99.651
-146.03,-3.5743,99.651
-146.36,-3.8053,99.774
-146.66,-4.0894,99.912
-146.66,-4.0894,99.912
-147.58,-4.7042,100.3
-148.32,-5.2756,100.94
-148.32,-5.2756,100.94
-150.06,-6.038,101.9
-152.44,-5.9147,101.88
-152.43,-5.9172,101.89
-154.77,-5.9454,101.77
-155.77,-5.8536,101.79
-155.77,-5.8536,101.79
-155.7,-5.8224,101.77
-155.7,-5.8224,101.77
-154.9,-5.8394,101.71
-154.35,-5.7857,101.65
-154.35,-5.7857,101.65
-154.19,-5.71,101.65
-154.06,-5.6902,101.59
-154.06,-5.6902,101.59
-153.79,-5.539,101.5
-153.12,-5.5239,101.46
-153.12,-5.5239,101.46
-152.22,-5.472,101.39
-152.22,-5.472,101.39
-150.7,-5.4665,101.42
-148.83,-4.3269,100.39
-148.88,-4.3571,100.31
-148.18,-3.856,100.09
-148.13,-3.6986,100.01
-148.14,-3.7097,99.992
-148.21,-3.7142,99.981
-148.15,-3.6594,99.912
-148.16,-3.673,99.896
-147.79,-3.2132,99.557
-146.47,-2.2844,99.431
-146.47,-2.2844,99.431
-144.72,-1.0109,99.01
-144.75,-1.0197,98.961
-143.33,0.25081,98.569
-142.79,0.7945,98.573
-142.79,0.7945,98.573
-142.82,0.80907,98.612
-142.87,0.79523,98.604
-142.87,0.79523,98.604
-142.87,0.82756,98.582
-142.87,0.82756,98.582
-142.86,0.87309,98.581
-142.84,0.94907,98.561
-142.84,0.94805,98.564
-142.86,1.1537,98.375
-142.85,1.429,98.241
-142.85,1.429,98.241
-142.78,1.6732,98.253
-142.76,2.0026,98.156
-142.76,2.0026,98.156
-142.62,2.4275,98.19
-142.62,2.4275,98.19
-142.4,3.0317,98.396
-142.15,3.8637,98.789
-142.15,3.8637,98.789
-142.05,4.6368,99.151
-141.95,5.6115,99.731
-141.9,5.6311,99.788
-141.79,6.4839,100.3
-141.75,6.4993,100.35
-141.68,6.9582,100.68
-141.65,7.1606,100.8
-141.65,7.1606,100.8
-141.65,7.3371,100.91
-141.6,7.5894,101.1
-141.6,7.5896,101.1
-141.37,9.119,102.13
-141.05,3.3812,97.098
-141.07,3.3626,97.032
-140.55,4.1749,97.008
-140.21,4.5686,97.033
-140.21,4.5686,97.033
-140.11,4.7608,97.032
-140.1,4.7603,97.046
-140.13,4.7897,97.043
-140.17,4.7787,97.032
-140.17,4.7787,97.032
-140.2,4.7767,96.994
-140.19,4.7885,97.02
-140.19,4.7885,97.02
-140.19,4.7799,97.029
-140.19,4.7799,97.029
-140.28,4.6948,97.016
-140.46,4.5304,96.987
-140.46,4.5295,96.982
-140.54,4.4536,96.952
-140.62,4.3892,96.872
-140.61,4.3922,96.885
-140.68,4.2852,96.826
-140.66,4.2919,96.854
-140.76,3.9198,96.812
-140.78,6.6247,99.811
-140.75,6.6293,99.842
-141.14,3.432,98.061
-141.07,1.606,98.473
-141.28,1.5539,98.186
-141.34,0.67756,98.528
-141.3,0.2362,98.927
-141.3,0.2362,98.927
-141.04,-0.61703,99.614
-140.85,-1.0975,99.998
-140.84,-1.0953,100.02
-140.77,-1.5735,99.845
-140.74,-1.5684,99.876
-140.79,-1.857,99.095
-141.08,-2.0514,98.715
-141.08,-2.0514,98.715
-140.96,-2.4421,98.934
-140.59,-2.9429,99.377
-140.58,-2.9392,99.391
-139.97,-3.3477,99.218
-138.44,-3.564,99.211
-138.44,-3.564,99.211
-136.99,-3.7101,99.045
-135.28,-3.4124,98.632
-135.28,-3.4124,98.632
-134.05,-4.0956,98.676
-134,-4.0719,98.724
-133.69,-4.3708,98.932
-133.42,-4.6745,99.468
-133.43,-4.6544,99.462
-133.83,-5.0189,99.289
-134.94,-5.2213,100.76
-134.96,-5.1583,100.74
-135.07,-5.0184,101.28
-135.1,-4.7627,101.47
-135.1,-4.6789,101.47
-135.32,-4.7256,101.44
-135.05,-4.6054,101.39
-135.03,-4.3639,101.42
-134.42,-4.1109,101.29
-134.42,-4.1109,101.29
-134.22,-4.0309,101.28
-133.9,-4.2013,100.63
-133.84,-4.2603,100.68
-133.92,-4.2333,100.73
-134.1,-4.5524,100.56
-134.1,-4.6149,100.56
-134.14,-4.5376,100.5
-134.29,-4.7575,100.31
-134.24,-4.9565,100.36
-134.29,-4.8547,100.38
-134.41,-5.0651,100.23
-134.39,-5.0627,100.3
-132.33,-4.8264,99.739
-132.3,-4.794,99.775
-128.35,-4.2706,98.927
-123.94,-3.6941,97.557
-124.4,-3.6512,97.05
-121.31,-3.2528,95.955
-119.88,-3.0306,95.006
-119.78,-3.0307,95.1
-118.13,-2.6815,94.189
-116.57,-2.4371,93.287
-116.52,-2.4351,93.324
-114.35,-2.1029,92.375
-112.18,-1.7982,91.489
-112.49,-1.7521,91.117
-110.02,-1.2974,90.424
-107.31,-0.53747,88.877
-107.3,-0.54265,88.888
-105.82,1.0701,84.978
-105.93,2.9213,81.905
-105.88,2.9184,81.936
-105.89,3.6725,81.473
-105.75,3.9772,81.361
-105.75,3.9772,81.361
-105.76,4.2334,81.268
-105.76,4.2334,81.268
-105.55,4.549,81.148
-105.52,5.1287,80.945
-105.52,5.1287,80.945
-104.7,5.3356,81.973
-103.4,4.5277,83.669
-103.44,4.5328,83.624
-103.26,3.5439,85.173
-104.93,2.7892,85.667
-104.93,2.7892,85.667
-105.71,2.3308,86.175
-106.28,2.0325,86.832
-106.29,2.0343,86.824
-106.2,1.8015,87.297
-106.18,1.8002,87.305
-106.19,1.8228,87.34
-106.34,1.9778,87.394
-106.34,1.9778,87.394
-107.06,1.9842,87.669
-108.49,1.6492,88.103
-108.49,1.6492,88.103
-109.72,1.2595,88.43
-109.72,1.2595,88.43
-111.34,0.84801,88.773
-112.91,0.66399,88.962
-112.91,0.66399,88.962
-113.68,0.63371,89.179
-114.05,0.53733,89.396
-114.05,0.53733,89.396
-114.56,0.71754,88.896
-115.15,1.2218,87.423
-115.14,1.2226,87.43
-115.57,1.6526,86.483
-115.58,1.9311,86.059
-115.58,1.9311,86.059
-115.5,2.1623,85.88
-115.5,2.1623,85.88
-115.48,2.1113,85.914
-114.1,1.0678,88.337
-114.18,1.0796,88.261
-113.89,0.6125,89.198
-113.36,0.14418,90.54
-113.38,0.15179,90.518
-113.54,0.057167,90.532
-113.38,-0.13726,91.146
-113.37,-0.13669,91.156
-112.69,-0.51461,92.937
-112.89,-0.46083,92.728
-112.9,-0.45162,93.714
-113.13,-0.39745,93.866
-113.02,-0.41807,93.967
-113.01,-0.3726,94.88
-113.11,-0.038141,95.411
-113.14,-0.034352,95.38
-112.93,0.14472,95.709
-112.89,0.36445,95.953
-112.89,0.36445,95.953
-113.39,0.69213,96.804
-113.94,0.87217,97.136
-113.94,0.87217,97.136
-114.12,0.94996,97.368
-114.26,1.1399,97.207
-114.15,1.0941,97.332
-114.2,1.1272,97.221
-114.2,1.1272,97.221
-114.2,0.97407,97.036
-113.83,0.72423,96.517
-113.83,0.72423,96.517
-113.09,0.74896,96.041
-113.01,0.72477,95.855
-113.01,0.72477,95.855
-112.95,0.62996,95.744
-113.01,0.5206,95.593
-112.98,0.51375,95.622
-113.19,0.35501,95.376
-113.14,0.3421,95.432
-113.4,0.17149,95.135
-113.6,-0.18564,94.682
-113.57,-0.19033,94.714
-114.05,-0.64222,94.2
-114.53,-0.91468,93.711
-114.45,-0.92265,93.787
-114.78,-1.324,93.326
-114.89,-1.5335,93.12
-114.87,-1.5318,93.139
-114.99,-1.7801,92.761
-115.04,-1.8837,92.652
-115.04,-1.8837,92.652
-114.95,-2.0161,92.607
-115.1,-2.0005,92.441
-114.32,-2.1687,92.22
-114.47,-2.0877,91.688
-114.3,-2.1011,91.851
-114.32,-2.0856,91.737
-114.07,-2.0917,91.692
-114.14,-2.081,91.623
-113.48,-2.1206,90.872
-113.15,-2.063,90.354
-113.12,-2.0653,90.382
-112.9,-2.0042,90.111
-112.71,-1.9225,89.903
-112.76,-1.9219,89.856
-112.7,-1.8754,89.855
-112.68,-1.8632,89.796
-112.68,-1.8632,89.796
-112.65,-1.8351,89.7
-112.65,-1.8351,89.7
-112.71,-1.8169,89.33
-112.67,-1.784,89.06
-112.67,-1.784,89.06
-112.61,-1.7673,88.954
-112.16,-1.746,88.774
-112.16,-1.746,88.774
-112.04,-1.7049,88.46
-111.67,-1.6571,88.327
-111.67,-1.6571,88.327
-111.32,-1.5925,87.872
-111.32,-1.5925,87.872
-110.53,-1.4256,87.644
-110.13,-1.3727,87.412
-110.11,-1.373,87.426
-109.37,-1.253,87.145
-108.66,-1.1333,86.831
-108.65,-1.1341,86.844
-107.98,-1.0037,86.548
-107.35,-0.91692,86.189
-107.33,-0.9181,86.205
-106.7,-0.83149,85.978
-106.28,-0.69483,85.904
-106.28,-0.69483,85.904
-105.88,-0.63142,85.886
-105.93,-0.62465,85.841
-105.74,-0.57862,85.859
-105.55,-0.54803,85.818
-105.58,-0.54648,85.793
-105.41,-0.50954,85.738
-105.17,-0.48002,85.637
-105.17,-0.48002,85.637
-104.99,-0.42773,85.524
-104.99,-0.42773,85.524
-104.89,-0.39038,85.514
-104.8,-0.34248,85.546
-104.81,-0.34686,85.543
-104.8,-0.3344,85.543
-104.66,-0.26863,85.617
-104.68,-0.27444,85.604
-104.63,-0.16266,85.664
-104.71,-0.15724,85.597
-104.74,0.05019,85.581
-104.68,0.42767,85.56
-104.68,0.42767,85.56
-104.63,0.53187,85.528
-104.61,0.55555,85.563
-104.61,0.55555,85.563
-104.63,0.55886,85.577
-104.64,0.5746,85.608
-104.64,0.5746,85.608
-104.65,0.56883,85.641
-104.65,0.56883,85.641
-104.66,0.55327,85.695
-104.78,0.52809,85.782
-104.76,0.52471,85.795
-105.08,0.35041,85.789
-105.59,0.022472,85.565
-105.59,0.022472,85.565
-106.67,-0.1045,85.803
-108.14,-0.30362,85.999
-108.14,-0.30362,85.999
-109.5,-0.46787,86.657
-110.43,-0.49279,86.987
-110.43,-0.49279,86.987
-110.61,-0.25977,87.011
-110.61,-0.25977,87.011
-110.67,-0.028116,87.022
-110.9,0.10404,87.3
-110.9,0.10404,87.3
-110.9,-0.0069258,87.387
-110.84,-0.086954,87.575
-110.84,-0.086954,87.575
-110.81,0.25813,87.621
-110.86,0.5542,87.811
-110.86,0.5542,87.811
-111.34,0.98211,88.24
-111.34,0.98211,88.24
-112.33,1.2048,88.609
-114.01,1.2544,89.52
-114.04,1.2558,89.491
-115.48,1.236,90.439
-116.48,1.0297,90.939
-116.48,1.0297,90.939
-116.95,1.0339,91.197
-116.85,1.2213,91.262
-116.85,1.2213,91.262
-115.74,1.282,91.077
-115.74,1.282,91.077
-115.09,1.1914,90.944
-114.51,1.1425,90.608
-114.51,1.1425,90.608
-113.76,1.0179,90.216
-113.66,0.45655,90.005
-113.66,0.45655,90.005
-113.51,-0.10709,90.021
-113.46,-0.55938,89.981
-113.46,-0.55938,89.981
-113.49,-1.0199,89.926
-113.49,-1.0199,89.926
-113.41,-1.488,89.936
-113.38,-1.8715,89.982
-113.38,-1.864,89.979
-113.28,-1.9798,89.812
-113.23,-2.0068,89.699
-113.23,-2.0068,89.699
-113.25,-1.9211,89.609
-113.25,-2.0816,89.585
-113.22,-2.0444,89.611
-113.25,-2.1741,89.566
-113.15,-2.4248,89.628
-113.16,-2.4171,89.615
-112.95,-2.6583,89.642
-112.97,-2.6475,89.627
-112.7,-3.0841,89.658
-112.5,-3.3094,89.97
-112.49,-3.2802,89.983
-112.39,-3.3345,89.733
-112.45,-3.256,89.431
-112.43,-3.2627,89.45
-112.38,-3.0558,89.165
-112.4,-2.9113,88.85
-112.38,-2.9272,88.868
-112.43,-2.782,88.745
-112.58,-2.2944,88.561
-112.57,-2.3188,88.564
-112.55,-1.8833,88.776
-112.55,-1.3589,88.934
-112.55,-1.3589,88.934
-112.25,-0.98224,89.044
-111.76,-0.63656,88.994
-111.76,-0.63656,88.994
-111.54,-0.38521,89.052
-111.05,-0.040728,88.955
-111.05,-0.040728,88.955
-110.68,0.41457,88.936
-110.68,0.41457,88.936
-110.67,0.81017,88.959
-110.67,1.2542,89.059
-110.67,1.2542,89.059
-110.66,1.7934,89.212
-110.83,3.2869,89.936
-110.84,3.2884,89.921
-111.08,5.153,90.727
-113.73,11.012,90.267
-113.74,10.988,90.182
-110.34,4.1331,91.681
-109.98,4.0514,92.071
-109.47,3.5613,92.572
-108.59,3.5292,92.132
-108.59,3.5289,92.131
-108.06,3.6464,91.831
-107.75,3.7899,91.701
-107.75,3.7899,91.701
-106.66,4.2663,91.1
-105.25,4.6264,90.419
-105.24,4.6241,90.421
-104.34,4.749,90.072
-103.12,4.9502,89.43
-103.12,4.9502,89.43
-101.98,5.0195,88.706
-101.98,5.0195,88.706
-100.95,4.953,88.076
-99.994,5.0098,87.313
-99.994,5.0098,87.313
-99.029,5.0363,86.54
-98.119,5.4067,85.805
-98.119,5.4067,85.805
-97.261,5.7858,85.185
-96.231,6.0952,84.57
-96.234,6.0955,84.567
-95.285,6.2157,83.902
-94.497,6.5094,83.355
-94.499,6.5096,83.353
-93.727,7.038,82.75
-93.727,7.038,82.75
-93.318,7.3044,82.327
-93.257,7.2762,82.152
-93.257,7.2762,82.152
-93.343,7.163,81.97
-93.351,7.1767,81.926
-93.351,7.1767,81.926
-93.415,7.0981,81.878
-93.56,7.0183,81.857
-93.56,7.0183,81.857
-94.138,6.6044,82.124
-94.138,6.6044,82.124
-94.149,6.5554,82.09
-94.609,6.2818,82.369
-94.605,6.281,82.371
-95.222,5.7098,82.646
-95.057,5.7451,82.561
-95.057,5.7451,82.561
-94.544,6.1011,82.237
-93.811,6.74,81.974
-93.811,6.74,81.974
-93.374,7.0556,81.922
-93.374,7.0556,81.922
-92.993,7.4182,81.761
-92.853,7.6864,81.76
-92.853,7.6864,81.76
-92.551,7.983,81.88
-92.368,8.1883,82.076
-92.368,8.1883,82.076
-92.157,8.4494,82.454
-92.062,8.7141,82.804
-92.064,8.7145,82.802
-91.895,9.0404,83.126
-91.896,9.0405,83.125
-91.306,9.3824,83.055
-90.477,9.8766,82.83
-90.477,9.8766,82.83
-89.504,10.458,82.521
-88.448,11.199,82.287
-88.448,11.199,82.287
-87.614,11.99,82.279
-87.24,12.36,82.373
-87.24,12.36,82.373
-86.803,12.696,82.367
-86.695,12.874,82.529
-86.695,12.874,82.529
-86.628,12.86,82.63
-86.632,12.862,82.625
-86.61,13.014,82.909
-86.583,13.171,83.189
-86.583,13.171,83.189
-86.225,13.645,83.479
-85.854,14.12,83.755
-85.854,14.12,83.755
-85.69,14.135,83.787
-85.688,14.135,83.789
-85.563,14.036,83.823
-85.309,14.12,83.843
-85.309,14.12,83.843
-85.035,14.447,84.038
-83.952,15.495,84.013
-83.96,15.497,84.003
-82.714,16.392,83.564
-82.272,16.667,83.553
-82.272,16.667,83.553
-82.405,16.369,83.44
-82.844,16.201,83.369
-82.837,16.198,83.371
-83.551,15.844,83.51
-83.551,15.844,83.51
-84.459,15.371,83.784
-85.631,14.472,84.145
-85.631,14.472,84.145
-86.3,13.783,84.206
-87.057,13.003,84.253
-87.057,13.003,84.253
-87.361,12.628,84.184
-87.353,12.56,84.081
-87.353,12.56,84.081
-87.499,12.697,83.748
-87.499,12.697,83.748
-87.824,13.034,83.501
-88.053,13.151,83.388
-88.053,13.151,83.388
-88.104,13.331,83.562
-88.028,13.713,83.731
-88.028,13.713,83.731
-87.174,14.012,83.188
-85.531,15.433,82.654
-85.499,15.425,82.682
-83.664,16.819,81.761
-81.816,18.031,80.771
-81.79,18.026,80.795
-80.19,19.202,79.851
-80.172,19.199,79.868
-78.523,20.516,79.008
-77.567,21.283,78.366
-77.567,21.283,78.366
-77.168,21.611,77.923
-77.227,21.533,77.576
-77.225,21.533,77.577
-77.52,21.226,77.465
-77.617,20.944,77.291
-77.617,20.944,77.29
-77.725,20.774,77.176
-77.557,20.686,77.033
-77.557,20.686,77.033
-77.243,20.594,77.099
-77.243,20.594,77.099
-76.601,20.438,77.552
-76.295,20.377,77.676
-76.295,20.377,77.676
-75.591,20.121,78.267
-75.181,19.906,78.661
-75.182,19.906,78.659
-74.656,19.681,79.256
-73.715,19.096,80.431
-73.782,19.116,80.364
-73.661,19.124,80.547
-73.625,19.244,80.721
-73.627,19.245,80.717
-73.681,19.393,80.827
-73.682,19.393,80.825
-73.72,19.317,80.693
-73.683,19.31,80.672
-73.692,19.314,80.664
-73.643,19.306,80.648
-72.651,19.821,80.246
-72.651,19.821,80.246
-71.191,20.783,79.565
-69.472,21.822,78.774
-69.441,21.814,78.802
-67.406,23.202,77.762
-64.78,25.054,76.591
-64.78,25.054,76.59
-62.181,27.02,74.794
-61.845,28.685,72.617
-61.846,28.685,72.616
-62.658,29.623,71.098
-61.586,29.443,72.186
-61.586,29.443,72.186
-60.516,29.034,73.379
-60.5,29.028,73.384
-60.239,28.784,73.632
-60.091,28.697,73.63
-60.091,28.697,73.63
-59.711,28.648,73.727
-59.313,28.351,73.869
-59.316,28.351,73.863
-59.166,28.211,73.922
-58.624,28.309,73.795
-58.628,28.309,73.785
-58.583,28.32,73.733
-58.508,28.215,73.788
-58.505,28.216,73.789
-58.19,28.236,73.757
-56.8,28.412,73.727
-56.803,28.411,73.724
-56.674,29.358,72.845
-56.674,29.358,72.845
-55.894,29.768,72.513
-55.017,30.216,72.116
-55.015,30.216,72.117
-54.183,30.625,71.727
-53.25,31.098,71.364
-53.25,31.099,71.365
-52.442,31.371,71.243
-52.078,31.528,71.103
-52.077,31.528,71.103
-51.738,31.693,70.971
-50.134,32.453,70.512
-50.136,32.454,70.511
-47.846,33.077,69.986
-45.786,33.479,69.576
-45.787,33.481,69.575
-43.071,33.739,69.133
-43.071,33.739,69.133
-41.536,33.827,68.82
-40.799,33.815,68.683
-40.798,33.816,68.684
-40.676,33.816,68.622
-40.622,33.794,68.565
-40.621,33.791,68.564
-40.633,33.78,68.504
-40.645,33.762,68.443
-40.644,33.762,68.443
-40.675,33.74,68.396
-40.675,33.741,68.396
-40.474,33.817,68.227
-39.466,33.896,68.077
-39.465,33.897,68.077
-39.035,33.927,67.983
-38.762,33.916,67.905
-38.762,33.916,67.905
-38.418,33.981,67.773
-38.296,33.978,67.702
-38.296,33.978,67.702
-38.27,33.969,67.645
-38.274,33.947,67.584
-38.274,33.946,67.584
-38.291,33.955,67.526
-38.292,33.954,67.525
-38.376,34.228,67.215
-38.45,34.507,66.965
-38.448,34.507,66.966
-38.481,34.587,66.871
-37.913,34.835,66.698
-37.912,34.836,66.699
-35.723,35.265,66.481
-32.222,35.869,66.209
-32.222,35.869,66.209
-28.806,36.25,66.064
-25.359,36.842,65.942
-25.359,36.842,65.942
-23.783,37.403,65.907
-23.116,37.549,66.047
-23.116,37.549,66.047
-23.073,37.431,66.345
-23.073,37.431,66.345
-23.072,37.32,66.662
-23.016,37.234,66.978
-23.016,37.234,66.978
-22.942,37.192,67.26
-22.932,37.109,67.532
-22.932,37.109,67.532
-22.958,37.027,67.806
-23.237,36.821,68.111
-23.237,36.821,68.111
-23.422,36.666,68.468
-23.966,36.411,68.873
-23.966,36.411,68.873
-24.593,36.156,69.28
-25.022,36.027,69.631
-25.022,36.027,69.631
-25.042,35.999,69.848
-24.998,35.971,70.038
-24.998,35.971,70.038
-24.939,35.927,70.206
-24.902,35.846,70.373
-24.902,35.846,70.373
-25.079,35.7,70.595
-25.079,35.7,70.595
-25.281,35.576,70.82
-25.426,35.494,71.05
-25.426,35.494,71.05
-25.564,35.412,71.286
-26.254,35.182,71.629
-26.254,35.182,71.629
-30.103,34.425,72.574
-32.86,33.959,73.227
-32.86,33.959,73.227
-34.742,33.626,73.821
-35.31,33.612,74.095
-35.31,33.612,74.095
-35.332,33.68,74.055
-35.359,33.71,73.959
-35.359,33.71,73.959
-35.385,33.728,73.869
-35.409,33.751,73.782
-35.409,33.751,73.782
-35.43,33.763,73.693
-35.109,33.976,73.496
-35.109,33.976,73.496
-34.121,34.332,73.266
-32.787,34.605,72.883
-32.786,34.606,72.884
-30.703,35.017,72.501
-29.101,35.296,72.142
-29.101,35.296,72.142
-26.508,35.613,71.633
-26.508,35.613,71.633
-25.975,35.639,71.424
-26.03,35.607,71.352
-26.029,35.607,71.352
-26.077,35.581,71.27
-26.119,35.576,71.193
-26.119,35.576,71.193
-26.148,35.566,71.101
-26.173,35.575,71.016
-26.173,35.575,71.016
-26.194,35.578,70.936
-26.221,35.583,70.848
-26.221,35.583,70.848
-26.245,35.589,70.761
-26.261,35.592,70.671
-26.261,35.592,70.671
-26.29,35.599,70.585
-26.309,35.608,70.502
-26.309,35.608,70.502
-26.328,35.61,70.414
-26.353,35.621,70.328
-26.353,35.621,70.328
-26.371,35.627,70.245
-26.371,35.627,70.245
-26.401,35.628,70.158
-26.419,35.635,70.076
-26.419,35.635,70.076
-26.442,35.638,69.99
-26.466,35.648,69.906
-26.466,35.648,69.906
-26.476,35.651,69.821
-26.501,35.653,69.737
-26.523,35.66,69.651
-26.523,35.66,69.651
-26.542,35.663,69.57
-26.571,35.672,69.489
-26.571,35.672,69.489
-26.586,35.678,69.403
-26.586,35.678,69.403
-26.613,35.683,69.325
-26.637,35.691,69.24
-26.637,35.691,69.24
-26.653,35.692,69.156
-26.68,35.697,69.073
-26.68,35.697,69.073
-26.706,35.705,68.996
-26.722,35.709,68.909
-26.722,35.709,68.909
-26.74,35.712,68.826
-26.767,35.715,68.749
-26.767,35.715,68.749
-26.783,35.722,68.666
-26.783,35.722,68.666
-26.802,35.721,68.581
-26.826,35.729,68.502
-26.826,35.729,68.502
-26.847,35.735,68.416
-26.867,35.74,68.338
-26.867,35.74,68.338
-26.887,35.742,68.257
-26.887,35.742,68.257
-26.906,35.743,68.18
-26.926,35.745,68.102
-26.926,35.745,68.102
-26.946,35.748,68.025
-26.961,35.745,67.944
-26.961,35.745,67.944
-26.983,35.75,67.868
-27.003,35.753,67.792
-27.003,35.753,67.792
-26.971,35.752,67.648
-26.686,35.884,67.486
-26.686,35.884,67.486
-26.266,36.092,67.348
-26.266,36.092,67.348
-25.927,36.316,67.295
-25.649,36.512,67.259
-25.649,36.512,67.259
-25.55,36.577,67.178
-25.526,36.613,67.102
-25.526,36.613,67.102
-25.531,36.617,67.024
-25.531,36.617,67.024
-25.553,36.608,66.935
-25.57,36.616,66.866
-25.57,36.616,66.866
-25.598,36.617,66.784
-25.607,36.643,66.719
-25.607,36.643,66.719
-25.426,36.774,66.601
-25.023,37.013,66.392
-25.023,37.013,66.392
-23.799,37.578,65.82
-23.798,37.578,65.82
-23.275,37.779,65.543
-23.193,37.817,65.435
-23.193,37.817,65.435
-23.179,37.81,65.341
-23.206,37.81,65.268
-23.206,37.81,65.268
-23.235,37.816,65.207
-23.235,37.816,65.207
-23.253,37.817,65.137
-23.272,37.812,65.065
-23.272,37.812,65.065
-23.304,37.82,65.006
-22.677,38.112,64.644
-22.677,38.112,64.644
-21.982,38.408,64.296
-21.153,38.775,63.948
-21.153,38.775,63.948
-20.451,39.119,63.646
-20.038,39.34,63.429
-20.038,39.34,63.429
-19.832,39.457,63.262
-19.832,39.457,63.262
-19.805,39.449,63.142
-19.863,39.417,63.075
-19.863,39.417,63.075
-19.896,39.414,63.005
-19.925,39.424,62.965
-19.925,39.424,62.965
-19.679,39.547,63.011
-19.679,39.547,63.011
-19.218,39.743,63.14
-18.594,40.021,63.212
-18.594,40.021,63.212
-18.003,40.268,63.327
-17.57,40.433,63.503
-17.57,40.433,63.503
-17.431,40.431,63.743
-17.321,40.403,63.985
-17.321,40.403,63.985
-17.267,40.345,64.23
-17.267,40.345,64.23
-17.199,40.331,64.484
-17.119,40.342,64.746
-17.119,40.342,64.746
-16.986,40.383,64.999
-16.71,40.499,65.204
-16.71,40.499,65.204
-16.494,40.545,65.406
-16.559,40.413,65.577
-16.559,40.413,65.577
-16.539,40.377,65.804
-16.539,40.377,65.804
-16.486,40.356,66.01
-16.426,40.335,66.216
-16.426,40.335,66.216
-16.365,40.347,66.452
-16.233,40.387,66.661
-16.233,40.387,66.661
-16.137,40.388,66.853
-16.069,40.358,67.032
-16.069,40.358,67.032
-16.016,40.328,67.233
-15.953,40.291,67.439
-15.953,40.291,67.439
-15.908,40.255,67.639
-15.908,40.255,67.639
-15.864,40.222,67.849
-15.802,40.185,68.04
-15.802,40.185,68.04
-15.755,40.141,68.235
-15.718,40.095,68.446
-15.718,40.095,68.446
-15.671,40.043,68.639
-15.671,40.043,68.639
-15.729,39.944,68.861
-15.741,39.9,69.044
-15.741,39.9,69.044
-15.806,39.898,69.08
-15.949,39.862,69.043
-15.949,39.863,69.043
-16.086,39.809,68.996
-16.123,39.823,68.929
-16.123,39.823,68.929
-16.172,39.822,68.856
-16.172,39.822,68.856
-16.226,39.827,68.78
-16.263,39.83,68.7
-16.263,39.83,68.7
-16.316,39.833,68.623
-16.363,39.836,68.536
-16.363,39.836,68.536
-16.417,39.835,68.46
-16.417,39.835,68.46
-16.465,39.84,68.381
-16.508,39.842,68.307
-16.508,39.842,68.307
-16.541,39.845,68.232
-16.573,39.851,68.154
-16.573,39.851,68.154
-16.607,39.859,68.074
-16.638,39.862,67.996
-16.638,39.862,67.996
-16.662,39.873,67.913
-16.662,39.873,67.913
-16.697,39.886,67.844
-16.703,39.91,67.76
-16.703,39.91,67.76
-16.721,39.917,67.673
-16.742,39.924,67.589
-16.742,39.924,67.589
-16.759,39.934,67.511
-16.759,39.934,67.511
-16.781,39.945,67.428
-16.807,39.946,67.347
-16.807,39.946,67.347
-16.832,39.957,67.265
-16.868,39.974,67.206
-16.868,39.974,67.206
-16.836,40.026,67.129
-16.813,40.069,67.043
-16.813,40.069,67.043
-16.716,40.166,66.954
-16.716,40.166,66.954
-16.638,40.245,66.851
-16.559,40.337,66.761
-16.559,40.337,66.761
-16.483,40.426,66.66
-16.455,40.468,66.554
-16.455,40.468,66.554
-16.468,40.457,66.431
-16.468,40.457,66.431
-16.573,40.407,66.34
-16.635,40.393,66.26
-16.635,40.393,66.26
-16.659,40.397,66.19
-16.691,40.418,66.128
-16.691,40.418,66.128
-16.632,40.497,66.067
-16.526,40.617,65.998
-16.526,40.617,65.998
-16.148,40.932,65.863
-15.651,41.5,65.588
-15.651,41.5,65.588
-14.229,42.499,64.992
-14.229,42.499,64.992
-14.17,42.495,64.89
-14.193,42.457,64.787
-14.193,42.457,64.787
-14.258,42.412,64.715
-14.317,42.381,64.643
-14.317,42.381,64.643
-14.352,42.379,64.573
-14.378,42.382,64.502
-14.378,42.382,64.502
-14.348,42.449,64.449
-14.348,42.449,64.449
-14.157,42.632,64.359
-13.752,42.97,64.209
-13.752,42.97,64.209
-13.596,43.112,64.1
-13.542,43.168,64
-13.542,43.168,64
-13.538,43.182,63.906
-13.538,43.182,63.906
-13.546,43.174,63.81
-13.564,43.172,63.73
-13.564,43.172,63.73
-13.591,43.173,63.654
-13.608,43.178,63.579
-13.608,43.178,63.579
-13.639,43.187,63.504
-13.627,43.24,63.451
-13.627,43.24,63.451
-13.352,43.462,63.367
-13.227,43.59,63.264
-13.227,43.59,63.264
-13.177,43.652,63.175
-13.177,43.652,63.175
-13.171,43.674,63.088
-13.189,43.659,62.987
-13.189,43.659,62.987
-13.222,43.644,62.908
-13.27,43.621,62.832
-13.27,43.621,62.832
-13.294,43.625,62.766
-13.307,43.658,62.716
-13.307,43.658,62.716
-13.079,43.902,62.679
-13.079,43.902,62.679
-12.662,44.261,62.54
-12.466,44.384,62.381
-12.466,44.384,62.381
-12.366,44.438,62.238
-12.313,44.447,62.101
-12.313,44.447,62.101
-12.315,44.425,61.995
-12.315,44.425,61.995
-12.367,44.391,61.916
-12.392,44.388,61.846
-12.392,44.388,61.846
-12.355,44.453,61.79
-12.144,44.633,61.699
-12.144,44.633,61.699
-11.637,44.979,61.521
-11.336,45.09,61.287
-11.336,45.09,61.287
-11.272,45.094,61.137
-11.272,45.094,61.137
-11.259,45.089,61.028
-11.354,45.007,60.929
-11.354,45.007,60.929
-11.415,44.981,60.863
-11.441,44.981,60.799
-11.441,44.981,60.799
-11.461,44.98,60.733
-11.415,45.061,60.694
-11.415,45.061,60.694
-11.085,45.276,60.72
-11.085,45.276,60.72
-10.386,45.553,60.747
-10.001,45.59,60.797
-10.001,45.59,60.797
-9.7928,45.585,60.97
-9.6515,45.557,61.197
-9.6515,45.557,61.197
-9.6983,45.447,61.449
-9.6983,45.447,61.449
-9.6478,45.395,61.721
-9.5645,45.37,62.008
-9.5645,45.37,62.008
-9.4456,45.377,62.403
-8.7153,45.718,63.156
-8.7149,45.717,63.156
-7.9643,46.243,63.636
-7.3512,46.794,63.986
-7.3508,46.794,63.986
-7.1491,46.89,64.114
-7.0345,46.913,64.271
-7.0345,46.913,64.271
-6.9624,46.874,64.411
-6.9624,46.874,64.411
-6.9889,46.79,64.564
-6.9756,46.735,64.724
-6.9756,46.735,64.724
-6.9177,46.714,64.892
-6.8525,46.697,65.059
-6.8525,46.697,65.059
-6.6142,46.829,65.253
-6.6142,46.829,65.253
-6.1733,47.072,65.452
-5.0833,47.66,65.534
-5.0833,47.66,65.534
-3.0432,48.961,65.239
-1.7974,49.682,65.084
-1.7974,49.682,65.084
-1.6665,49.706,65.218
-1.6077,49.676,65.388
-1.6077,49.676,65.388
-1.5499,49.644,65.562
-1.5499,49.644,65.562
-1.4897,49.615,65.735
-1.4353,49.585,65.913
-1.4353,49.585,65.913
-1.3765,49.551,66.092
-0.99872,49.767,66.175
-0.99872,49.767,66.175
0.080217,50.548,65.963
1.0219,51.208,65.659
1.0219,51.208,65.659
1.073,51.252,65.588
1.073,51.252,65.587
1.0497,51.27,65.526
1.0284,51.28,65.454
1.0288,51.28,65.453
1.0087,51.288,65.376
0.9893,51.299,65.304
0.98963,51.299,65.304
0.97074,51.311,65.233
0.97104,51.311,65.233
1.3514,51.588,65.049
2.5641,52.429,64.678
2.5641,52.429,64.678
2.9916,52.771,64.481
2.9747,52.783,64.407
2.975,52.783,64.406
2.9498,52.799,64.327
2.9268,52.808,64.249
2.9272,52.808,64.249
2.9066,52.819,64.171
2.9069,52.819,64.17
2.8842,52.829,64.094
3.4668,53.276,63.866
3.4668,53.276,63.866
5.2634,54.199,63.49
5.5488,54.399,63.373
5.5488,54.399,63.373
5.529,54.398,63.298
5.5033,54.406,63.219
5.5035,54.406,63.218
5.4823,54.411,63.145
5.4824,54.411,63.144
5.4617,54.418,63.071
5.5052,54.483,63.01
5.5053,54.483,63.01
6.3199,55.037,62.757
6.9003,55.417,62.538
6.9003,55.417,62.538
6.9082,55.423,62.416
6.9084,55.423,62.414
6.8309,55.378,62.303
6.7755,55.358,62.217
6.7755,55.358,62.217
6.7334,55.353,62.143
6.7461,55.398,62.086
6.7462,55.398,62.085
7.0783,55.693,62.105
7.8205,56.307,62.041
7.8205,56.307,62.041
8.1553,56.553,61.74
8.1553,56.553,61.74
8.1522,56.544,61.547
8.0856,56.492,61.392
8.0856,56.492,61.392
8.0345,56.469,61.276
8.0111,56.469,61.179
8.0111,56.469,61.179
7.9938,56.479,61.107
8.1681,56.664,61.089
8.1681,56.664,61.089
8.404,56.769,60.656
8.404,56.769,60.656
9.3238,56.936,59.706
9.3668,56.966,59.61
9.3669,56.965,59.609
9.3619,56.964,59.531
9.3396,56.961,59.47
9.3396,56.961,59.469
9.3202,56.963,59.406
9.3202,56.963,59.405
9.3193,56.987,59.359
9.8363,57.358,59.291
9.8363,57.358,59.291
11.211,57.896,58.648
11.802,58.095,58.18
11.802,58.095,58.18
11.826,58.095,58.079
11.795,58.085,58.017
11.795,58.085,58.016
11.761,58.082,57.964
11.761,58.082,57.963
11.732,58.081,57.92
11.715,58.087,57.873
11.715,58.087,57.873
11.794,58.174,57.849
12.237,58.461,57.77
12.237,58.461,57.77
12.401,58.485,57.49
12.401,58.485,57.49
12.436,58.476,57.346
12.425,58.467,57.26
12.425,58.467,57.26
12.408,58.457,57.175
12.392,58.46,57.116
12.392,58.46,57.116
12.382,58.459,57.046
12.725,58.698,56.993
12.725,58.698,56.993
13.476,59.059,56.789
13.616,59.092,56.61
13.616,59.092,56.61
13.617,59.081,56.529
13.568,59.053,56.461
13.568,59.053,56.46
13.534,59.037,56.404
13.534,59.037,56.403
13.505,59.033,56.368
13.522,59.063,56.332
13.522,59.063,56.332
14.061,59.414,56.322
15.034,59.73,55.721
15.034,59.73,55.722
15.188,59.801,55.485
15.22,59.826,55.404
15.22,59.826,55.404
15.216,59.831,55.352
15.23,59.845,55.306
15.23,59.845,55.306
15.144,59.797,55.261
14.72,59.552,55.23
14.72,59.552,55.23
13.925,59.11,55.241
13.225,58.741,55.328
13.225,58.741,55.328
12.33,58.246,55.437
11.314,57.723,55.761
11.314,57.723,55.762
10.481,57.385,56.094
10.372,57.416,56.159
10.372,57.416,56.158
10.345,57.426,56.152
10.345,57.425,56.151
10.322,57.441,56.13
10.3,57.455,56.106
10.3,57.455,56.106
10.283,57.466,56.077
10.286,57.449,56.095
10.286,57.449,56.095
10.159,57.282,56.114
8.9603,56.58,56.533
8.9601,56.58,56.533
7.2058,55.687,57.364
5.6767,54.894,58.138
5.6767,54.894,58.138
5.186,54.68,58.631
5.2215,54.66,58.824
5.2215,54.66,58.824
5.2731,54.662,59.03
5.2731,54.662,59.03
5.3302,54.659,59.231
5.3866,54.658,59.433
5.3866,54.658,59.433
5.2621,54.539,59.662
3.8509,53.695,60.637
3.8503,53.695,60.638
1.6365,52.425,61.566
0.37996,51.447,62.147
0.37924,51.447,62.148
0.13701,51.267,62.426
0.16502,51.249,62.635
0.16502,51.249,62.635
0.22061,51.241,62.816
0.22061,51.241,62.816
0.26177,51.232,63
0.29101,51.207,63.191
0.29101,51.207,63.191
-0.40412,50.776,63.557
-1.9639,49.623,64.127
-1.9649,49.622,64.128
-3.1312,48.691,64.589
-3.9437,48.23,65.068
-3.9438,48.23,65.068
-3.9898,48.15,65.306
-3.9898,48.15,65.306
-3.9352,48.126,65.508
-3.8822,48.094,65.708
-3.8822,48.094,65.708
-3.8268,48.066,65.906
-4.1801,47.794,66.208
-4.1801,47.794,66.208
-5.5669,46.82,66.792
-7.6181,45.48,67.4
-7.6181,45.48,67.4
-9.4538,44.249,67.95
-10.461,43.655,68.148
-10.461,43.655,68.148
-10.528,43.642,68.1
-10.528,43.642,68.099
-10.551,43.649,68.045
-10.576,43.658,67.98
-10.576,43.658,67.98
-10.605,43.663,67.905
-10.699,43.63,67.825
-10.699,43.63,67.825
-11.444,43.215,67.876
-11.444,43.215,67.876
-13.019,42.399,68.124
-14.476,41.463,68.372
-14.476,41.463,68.372
-15.287,41.01,68.462
-15.42,40.946,68.396
-15.42,40.946,68.396
-15.451,40.946,68.315
-15.475,40.952,68.232
-15.475,40.952,68.232
-15.501,40.953,68.153
-15.501,40.953,68.153
-15.52,40.961,68.073
-15.947,40.703,68.018
-15.947,40.703,68.018
-17.158,40.044,68.123
-18.245,39.405,68.316
-18.245,39.405,68.316
-19.314,38.795,68.508
-20.009,38.44,68.596
-20.009,38.44,68.596
-20.144,38.385,68.545
-20.143,38.385,68.545
-20.167,38.386,68.462
-20.195,38.391,68.385
-20.195,38.391,68.385
-20.216,38.391,68.313
-20.242,38.396,68.23
-20.242,38.396,68.23
-20.483,38.289,68.211
-20.483,38.289,68.209
-20.637,38.243,68.173
-21.214,38.004,68.239
-21.214,38.004,68.239
-21.787,37.792,68.293
-22.35,37.605,68.37
-22.35,37.605,68.37
-22.882,37.449,68.446
-23.334,37.332,68.52
-23.334,37.332,68.52
-23.625,37.237,68.523
-23.625,37.24,68.522
-23.965,37.124,68.491
-24.23,37.018,68.438
-24.23,37.018,68.438
-24.349,37.001,68.355
-24.386,37.008,68.259
-24.386,37.008,68.259
-24.408,37.004,68.178
-24.506,37.008,68.111
-24.506,37.008,68.111
-25.225,36.742,68.058
-25.225,36.742,68.058
-36.11,34.406,70.139
-47.302,32.371,72.247
-47.305,32.376,72.245
-47.793,32.363,72.122
-47.928,32.453,71.921
-47.928,32.453,71.921
-48.025,32.506,71.735
-47.954,32.592,71.574
-47.954,32.592,71.574
-48.914,32.322,71.932
-48.914,32.322,71.932
-55.07,29.262,73.744
-55.762,28.839,73.884
-55.762,28.839,73.884
-55.805,28.825,73.737
-55.828,28.825,73.638
-55.828,28.825,73.638
-55.841,28.79,73.524
-55.869,28.799,73.437
-55.866,28.797,73.438
-55.891,28.809,73.369
-55.889,28.807,73.369
-55.771,28.901,73.22
-55.001,29.4,72.798
-54.999,29.399,72.798
-54.841,29.531,72.558
-53.341,30.43,71.865
-53.338,30.43,71.867
-51.321,31.583,71.599
-49.997,32.417,70.785
-49.997,32.421,70.783
-48.162,33.45,70.294
-46.586,34.139,69.928
-46.585,34.14,69.929
-45.024,34.508,69.591
-44.284,34.647,69.408
-44.283,34.649,69.409
-43.348,34.79,69.245
-41.463,35.023,68.769
-41.461,35.025,68.77
-39.338,35.189,68.242
-39.336,35.19,68.242
-37.851,35.299,67.956
-37.164,35.239,67.898
-37.164,35.239,67.898
-37.042,35.067,67.941
-37.042,35.012,67.905
-37.04,35.012,67.905
-37.032,34.929,67.923
-37.059,34.829,67.912
-37.059,34.829,67.912
-37.251,34.48,68.166
-37.251,34.48,68.166
-37.128,34.347,68.303
-36.782,33.928,68.962
-36.784,33.926,68.961
-36.619,33.74,69.315
-36.597,33.683,69.31
-36.597,33.683,69.31
-36.56,33.52,69.486
-36.559,33.487,69.53
-36.559,33.487,69.53
-36.566,33.473,69.514
-36.567,33.473,69.513
-36.603,33.45,69.461
-36.64,33.458,69.414
-36.642,33.459,69.414
-36.665,33.459,69.38
-36.609,33.524,69.297
-36.609,33.524,69.297
-33.847,34.345,68.383
-30.919,35.096,67.74
-30.919,35.096,67.74
-29.014,35.474,67.575
-29.014,35.474,67.575
-28.306,35.647,67.498
-28.201,35.56,67.722
-28.201,35.56,67.722
-28.39,35.384,68.153
-28.361,35.352,68.483
-28.361,35.352,68.483
-28.282,35.326,68.811
-28.205,35.266,69.199
-28.205,35.266,69.199
-28.122,35.214,69.507
-28.122,35.214,69.507
-28.068,35.122,69.849
-28.007,35.075,70.167
-28.007,35.075,70.167
-27.944,35.066,70.456
-27.842,35.144,70.726
-27.842,35.144,70.726
-27.783,35.223,71.007
-27.72,35.327,71.274
-27.72,35.327,71.274
-27.589,35.384,71.537
-27.589,35.384,71.537
-27.562,35.433,71.763
-27.526,35.451,71.992
-27.526,35.451,71.992
-27.513,35.378,72.219
-27.526,35.294,72.335
-27.526,35.294,72.335
-27.449,35.202,72.545
-27.348,35.135,72.769
-27.348,35.135,72.769
-27.244,35.029,72.962
-27.244,35.029,72.962
-27.134,34.931,73.169
-27.119,35.013,73.373
-27.119,35.013,73.373
-27.155,35.172,73.578
-27.186,35.379,73.806
-27.186,35.379,73.806
-27.22,35.581,74.051
-27.267,35.756,74.269
-27.267,35.756,74.269
-27.329,35.868,74.489
-27.329,35.868,74.489
-27.326,35.946,74.708
-27.335,35.954,74.922
-27.335,35.954,74.922
-27.312,36.014,75.138
-27.278,36.023,75.334
-27.278,36.023,75.334
-27.286,36.056,75.37
-27.286,36.056,75.37
-27.274,36.006,75.337
-27.221,35.723,75.335
-27.221,35.723,75.335
-27.174,35.514,75.319
-27.141,35.152,75.283
-27.141,35.152,75.283
-27.079,34.957,75.237
-27.002,34.693,75.142
-27.002,34.693,75.142
-26.919,34.474,75.045
-26.919,34.474,75.045
-26.891,34.333,74.963
-26.907,34.323,74.872
-26.907,34.323,74.872
-26.908,34.287,74.786
-26.923,34.13,74.691
-26.923,34.13,74.691
-26.791,33.991,74.645
-26.791,33.991,74.645
-26.791,33.991,74.645
-26.791,33.991,74.645
-26.95,33.188,74.037
-26.595,33.213,73.894
-26.595,33.213,73.894
-24.594,33.316,73.516
-22.328,33.209,73.156
-22.328,33.208,73.156
-18.041,33.13,72.635
-12.295,33.093,72.16
-12.295,33.093,72.16
-7.2858,32.918,71.884
-4.9159,32.602,71.213
-4.9156,32.601,71.213
-4.2754,32.371,71.101
-4.2436,32.351,71.197
-4.2436,32.351,71.197
-4.2713,32.394,71.365
-4.2713,32.394,71.365
-4.2713,32.394,71.365
-4.2713,32.394,71.365
-4.2713,32.394,71.365
-4.2713,32.394,71.365
-4.2713,32.394,71.365
-4.2713,32.394,71.365
-4.2713,32.394,71.365
-4.2713,32.394,71.365
-4.2713,32.394,71.365
-2.1686,32.727,71.204
-2.1686,32.727,71.204
-2.1686,32.727,71.204
-2.1686,32.727,71.204
-2.1686,32.727,71.204
0.089755,32.36,70.592
1.4311,32.29,70.294
1.4313,32.289,70.294
1.6465,32.04,70.025
1.714,31.925,69.845
1.714,31.925,69.845
1.7291,31.787,69.626
1.7217,31.698,69.462
1.7217,31.698,69.462
1.6904,31.604,69.256
1.6904,31.604,69.256
1.6619,31.526,69.087
1.6382,31.507,69.022
1.6381,31.507,69.022
1.6149,31.45,68.956
1.5768,31.38,68.957
1.5768,31.38,68.957
1.5389,31.292,68.932
1.4872,31.105,68.961
1.4872,31.105,68.961
1.7688,31.088,68.808
1.7688,31.088,68.808
2.2612,31.086,68.688
2.7372,31.063,68.592
2.7372,31.063,68.592
3.6049,31.104,68.429
4.7896,31.09,68.188
4.7898,31.09,68.188
6.5564,30.993,67.809
7.8614,30.853,67.515
7.8617,30.852,67.516
9.3479,30.876,67.229
9.6287,30.77,67.145
9.6287,30.77,67.145
9.9835,30.805,67.055
9.9835,30.805,67.055
10.129,30.765,66.96
10.156,30.758,66.933
10.156,30.758,66.933
10.432,30.832,66.891
10.502,30.865,66.948
10.502,30.865,66.948
10.482,30.963,67.177
10.482,30.963,67.177
10.417,31.033,67.351
10.187,31.13,67.672
10.187,31.13,67.672
9.818,31.215,68.013
9.4993,31.346,68.317
9.4993,31.346,68.317
9.4575,31.587,68.505
9.4178,31.794,68.664
9.4178,31.794,68.664
9.3633,32.008,68.804
10.033,31.696,68.923
10.033,31.696,68.923
9.7336,31.973,68.932
9.7336,31.973,68.932
9.4975,32.216,68.946
9.3879,32.33,68.931
9.3879,32.33,68.931
9.332,32.386,68.889
9.3017,32.401,68.837
9.3018,32.4,68.837
9.2508,32.474,68.814
9.2514,32.473,68.814
9.2283,32.472,68.745
9.2062,32.482,68.684
9.2062,32.482,68.684
9.1909,32.477,68.603
9.186,32.452,68.538
9.1857,32.452,68.538
9.1428,32.521,68.517
9.1433,32.521,68.517
9.1097,32.559,68.482
9.0766,32.596,68.441
9.0769,32.595,68.44
9.0544,32.604,68.384
9.0322,32.611,68.313
9.0322,32.611,68.313
9.0247,32.575,68.225
9.2329,32.546,68.296
9.2329,32.546,68.296
9.8243,32.51,68.216
9.8243,32.51,68.216
10.107,32.444,68.264
10.244,32.377,68.38
10.244,32.379,68.38
10.336,32.327,68.539
10.431,32.296,68.712
10.431,32.296,68.712
10.499,32.237,68.859
10.57,32.167,69.012
10.57,32.167,69.012
10.643,32.086,69.151
10.643,32.086,69.151
10.712,32.029,69.308
10.794,31.974,69.471
10.794,31.974,69.471
11.096,31.9,69.607
11.519,31.829,69.666
11.519,31.829,69.666
11.839,31.748,69.721
12.045,31.683,69.842
12.045,31.683,69.842
12.12,31.661,70.001
12.12,31.661,70.001
12.143,31.61,70.137
12.2,31.544,70.262
12.2,31.545,70.263
12.298,31.471,70.407
12.871,31.373,70.597
12.871,31.373,70.597
14.08,31.211,70.889
14.08,31.211,70.889
14.747,31.087,71.112
14.872,31.049,71.239
14.872,31.049,71.239
14.726,31.031,71.26
14.738,30.989,71.392
14.738,30.989,71.392
14.784,30.905,71.517
15.08,30.802,71.722
15.08,30.802,71.722
15.747,30.699,72.065
16.733,30.575,72.297
16.733,30.575,72.297
18.013,30.302,72.216
18.015,30.301,72.216
18.492,30.189,72.2
18.661,30.185,72.163
18.661,30.185,72.163
18.526,30.228,72.111
18.487,30.268,72.11
18.488,30.267,72.109
18.453,30.289,72.074
18.753,30.274,72.134
18.753,30.274,72.134
19.917,30.14,72.142
19.918,30.14,72.142
20.988,30.03,72.148
21.571,29.976,72.001
21.571,29.976,72.001
21.947,29.91,72.052
21.941,29.948,72.064
21.941,29.948,72.064
21.722,29.982,71.983
21.656,30.016,71.962
21.656,30.015,71.962
21.621,30.037,71.922
21.621,30.036,71.922
21.941,30.012,71.958
22.33,29.99,71.998
22.33,29.99,71.998
22.736,29.951,72.021
23.018,29.927,72.05
23.018,29.927,72.05
23.298,29.872,72.092
23.341,29.857,72.073
23.341,29.857,72.073
23.338,29.87,72.052
23.338,29.87,72.052
23.324,29.937,72.038
23.099,29.969,71.916
23.099,29.969,71.916
22.989,30.002,71.842
22.951,30.003,71.766
22.951,30.003,71.765
22.934,30.034,71.743
22.935,30.034,71.743
23.156,30.038,71.803
23.397,30.028,71.839
23.397,30.028,71.839
23.723,30.027,71.873
23.977,30.021,71.886
23.977,30.021,71.886
24.225,29.996,71.889
25.527,29.113,71.842
25.527,29.112,71.842
26.797,28.829,72.113
26.797,28.829,72.113
27.946,28.534,72.368
28.284,28.518,72.364
28.284,28.518,72.364
28.335,28.579,72.356
28.354,28.636,72.328
28.354,28.635,72.328
28.344,28.691,72.294
28.344,28.691,72.294
28.331,28.743,72.268
28.287,28.774,72.212
28.287,28.773,72.212
28.236,28.785,72.139
28.21,28.804,72.081
28.21,28.803,72.081
28.472,28.777,72.122
28.747,28.763,72.179
28.747,28.763,72.179
29.332,28.727,72.317
29.332,28.727,72.317
29.365,28.756,72.27
29.356,28.788,72.212
29.356,28.787,72.212
29.344,28.813,72.16
29.307,28.854,72.113
29.308,28.853,72.113
28.232,28.965,71.663
27.162,29.12,71.241
27.162,29.12,71.241
26.399,29.346,71.044
26.399,29.346,71.044
25.845,29.478,70.917
25.714,29.524,70.865
25.715,29.523,70.865
25.703,29.549,70.832
25.679,29.561,70.776
25.679,29.561,70.776
25.655,29.562,70.709
25.655,29.562,70.709
25.597,29.598,70.664
25.372,29.682,70.61
25.373,29.681,70.609
25.097,29.777,70.546
24.694,29.863,70.44
24.694,29.863,70.44
23.941,30.028,70.248
22.781,30.262,69.973
22.781,30.262,69.973
22.356,30.35,69.921
22.356,30.35,69.921
22.355,30.386,69.909
22.339,30.39,69.851
22.339,30.39,69.851
22.326,30.393,69.822
22.234,30.492,69.801
22.235,30.491,69.8
21.426,30.639,69.623
21.426,30.639,69.623
19.201,30.987,69.327
17.462,31.359,69.141
17.462,31.358,69.141
17.062,31.487,69.028
17.047,31.516,68.964
17.047,31.516,68.963
17.018,31.501,68.854
16.998,31.521,68.801
16.998,31.521,68.801
16.984,31.554,68.739
16.984,31.554,68.739
16.21,31.713,68.552
14.095,32.147,68.207
14.095,32.147,68.207
12.433,32.527,67.922
12.192,32.575,67.879
12.192,32.575,67.879
12.182,32.591,67.841
12.182,32.591,67.841
12.16,32.562,67.738
12.143,32.577,67.691
12.143,32.577,67.691
11.495,32.719,67.537
9.3907,32.907,67.818
9.3908,32.907,67.818
6.728,32.962,68.465
5.2365,32.948,68.274
5.2365,32.948,68.274
4.7802,32.963,68.098
4.7802,32.963,68.098
4.7908,33.007,68.025
4.812,33.043,67.923
4.812,33.043,67.923
4.8406,33.044,67.912
4.9566,33.033,67.988
4.9566,33.033,67.988
5.0428,32.971,68.051
5.1909,32.932,67.985
5.191,32.932,67.985
5.3332,32.801,67.868
4.8291,32.532,67.746
4.8295,32.532,67.746
4.5846,32.528,67.632
3.7706,32.29,67.666
3.7708,32.29,67.666
3.3155,32.294,67.664
3.3157,32.294,67.664
1.7699,32.008,67.819
0.91347,32.049,67.915
0.91361,32.049,67.915
-0.56583,31.811,68.086
-0.76298,31.9,68.263
-0.76298,31.9,68.263
-0.7749,31.97,68.475
-0.72868,32.06,68.557
-0.72868,32.06,68.557
-0.71488,32.085,68.745
-0.7737,32.07,68.84
-0.7737,32.07,68.84
-0.77986,32.06,68.955
-0.77986,32.06,68.955
-0.75342,32.056,69.132
-0.7508,32.021,69.278
-0.7508,32.021,69.278
-0.72007,32.001,69.427
-1.2254,31.831,69.605
-1.2254,31.831,69.605
-2.7145,31.372,69.865
-2.7145,31.372,69.865
-3.9518,31,70.203
-4.8481,30.788,70.527
-4.8481,30.788,70.527
-6.0591,30.655,70.815
-7.8365,30.504,71.151
-7.8365,30.504,71.151
-10.251,30.633,71.52
-13.188,30.904,71.786
-13.188,30.904,71.786
-16.866,31.513,72.41
-19.591,31.907,72.772
-19.591,31.907,72.772
-19.875,32.145,72.836
-19.875,32.145,72.836
-19.944,32.298,72.792
-19.999,32.4,72.778
-19.999,32.4,72.778
-20.093,32.467,72.748
-22.51,32.476,72.829
-22.51,32.476,72.829
-27.341,32.883,73.241
-31.947,32.347,73.995
-31.947,32.347,73.995
-33.712,32.263,74.204
-33.713,32.262,74.204
-33.791,32.313,74.214
-33.531,32.49,74.296
-33.531,32.49,74.296
-34.229,31.927,74.282
-34.43,31.762,74.321
-34.43,31.762,74.321
-35.534,31.479,74.411
-37.715,31.011,74.759
-37.717,31.011,74.758
-40.799,30.435,75.397
-43.457,29.951,76.231
-43.464,29.952,76.229
-44.561,29.719,76.298
-44.61,29.717,76.234
-44.61,29.717,76.234
-44.662,29.68,76.134
-44.664,29.682,76.134
-44.658,29.681,76.032
-44.667,29.663,75.974
-44.67,29.663,75.973
-44.715,29.673,75.888
-44.791,29.66,75.816
-44.794,29.662,75.816
-47.442,29.176,75.911
-49.367,28.891,76.116
-49.373,28.892,76.113
-49.439,28.945,76.063
-49.463,28.917,76.004
-49.46,28.918,76.006
-49.539,28.915,75.975
-49.539,28.917,75.976
-50.453,28.762,76.087
-51.556,28.588,76.23
-51.56,28.588,76.229
-52.494,28.407,76.265
-53.059,28.284,76.26
-53.059,28.284,76.26
-53.455,28.175,76.228
-53.501,28.152,76.157
-53.501,28.152,76.157
-53.512,28.146,76.102
-53.517,28.148,76.099
-53.53,28.136,76.033
-53.643,28.116,76.011
-53.648,28.119,76.01
-53.83,28.101,75.987
-53.893,28.103,75.953
-53.894,28.103,75.954
-54.208,28.045,75.961
-55.96,27.545,76.137
-55.97,27.547,76.132
-56.934,27.311,76.227
-56.929,27.31,76.23
-58.056,27.029,76.339
-59.27,26.703,76.565
-59.27,26.703,76.565
-60.449,26.349,76.72
-61.668,25.95,76.839
-61.668,25.95,76.839
-63.786,25.169,77.08
-64.829,24.448,77.774
-64.787,24.44,77.799
-66.108,24.111,77.769
-67.359,23.573,78.353
-67.368,23.574,78.344
-69.146,22.852,79.07
-69.708,22.643,79.163
-69.708,22.643,79.163
-69.753,22.575,79.161
-69.753,22.575,79.161
-69.76,22.564,79.103
-69.725,22.578,79.035
-69.721,22.577,79.038
-69.437,22.602,78.898
-69.571,22.54,78.899
-69.571,22.54,78.899
-69.958,22.371,79.023
-69.958,22.371,79.023
-70.605,22.11,79.146
-72.105,21.526,79.479
-72.105,21.526,79.479
-72.76,21.212,79.67
-72.959,21.097,79.701
-72.959,21.097,79.701
-73.137,20.979,79.693
-73.229,20.924,79.719
-73.229,20.924,79.719
-74.027,20.562,79.932
-74.032,20.562,79.926
-74.588,20.262,80.181
-75.198,19.973,80.335
-75.198,19.973,80.335
-75.254,19.931,80.346
-75.243,19.954,80.251
-75.231,19.952,80.263
-75.207,19.9,80.23
-75.207,19.9,80.23
-75.833,19.528,80.532
-77.024,18.845,80.859
-77.016,18.843,80.866
-77.262,18.631,80.976
-78.349,18.075,81.302
-78.34,18.072,81.31
-80.183,16.945,81.856
-80.244,16.744,82.045
-80.295,16.755,81.987
-78.77,17.649,81.189
-74.292,20.171,79.261
-74.259,20.165,79.294
-71.963,21.267,78.283
-71.941,21.264,78.306
-70.462,21.923,77.804
-70.464,21.892,77.758
-70.443,21.89,77.78
-70.607,21.8,77.796
-72.605,20.96,78.339
-72.592,20.958,78.352
-73.325,20.541,78.647
-74.712,19.954,79.153
-74.698,19.952,79.167
-75.692,19.409,79.586
-77.038,18.641,80.044
-76.997,18.632,80.088
-77.466,18.308,80.317
-78.324,17.82,80.652
-78.32,17.818,80.655
-79.364,17.175,81.033
-80.486,16.482,81.58
-80.434,16.468,81.637
-80.814,16.258,81.888
-80.795,16.253,81.909
-81.69,15.776,82.376
-82.441,15.339,82.869
-82.441,15.339,82.869
-82.749,15.188,83.028
-82.617,15.255,83.045
-82.617,15.255,83.045
-82.381,15.427,82.935
-81.851,15.762,82.797
-81.826,15.756,82.825
-81.278,16.097,82.692
-81.287,16.052,82.76
-81.241,16.039,82.81
-81.15,15.949,83.09
-81.208,15.962,83.024
-81.727,15.621,83.541
-83.455,14.83,84.168
-83.374,14.806,84.256
-84.336,14.243,84.777
-85.225,13.682,85.302
-85.225,13.682,85.302
-86.409,12.815,85.919
-87.19,12.35,86.329
-87.18,12.347,86.339
-87.557,12.162,86.551
-87.978,11.81,86.944
-87.978,11.81,86.944
-88.495,11.581,87.128
-88.495,11.581,87.128
-88.754,11.347,87.503
-89.195,11.143,87.679
-89.195,11.143,87.679
-89.859,10.788,87.922
-91.175,10.045,88.168
-91.175,10.045,88.168
-92.678,8.9351,88.303
-95.112,7.516,88.757
-95.112,7.516,88.757
-96.582,6.4536,88.762
-97.022,6.5893,88.242
-97.402,6.2224,88.315
-97.193,6.2621,88.315
-97.212,6.2687,88.292
-96.804,6.4399,88.342
-96.809,6.4697,88.355
-96.832,6.4767,88.328
-96.943,6.4004,88.308
-96.685,6.4506,88.13
-96.685,6.4506,88.13
-95.113,7.3639,87.586
-93.353,9.3591,86.948
-92.383,9.0466,88.052
-92.608,8.9285,88.031
-95.617,7.1553,88.423
-95.841,7.2322,88.184
-97.61,5.9922,88.398
-97.61,5.9922,88.398
-98.144,5.5128,88.439
-99.293,4.7558,88.836
-99.372,4.7818,88.75
-100.26,4.1748,89.026
-100.42,3.9468,89.223
-100.51,3.9766,89.126
-100.46,3.9449,89.185
-99.946,4.2252,88.97
-99.946,4.2252,88.97
-98.449,5.0127,88.41
-96.842,5.8623,87.745
-96.732,5.8245,87.861
-95.972,6.3828,87.553
-95.972,6.3828,87.553
-96.11,6.4009,87.408
-96.179,6.345,87.322
-95.97,6.2772,87.544
-96.758,6.1664,86.918
-96.784,5.7827,87.166
-97.028,5.8572,86.859
-96.992,5.7204,87.182
-97.515,5.841,86.499
-97.515,5.841,86.499
-97.367,5.8655,86.419
-95.795,6.265,86.872
-95.795,6.265,86.872
-95.248,6.899,86.457
-95.164,6.9459,85.757
-95.119,6.9246,85.785
-95.021,7.2689,84.033
-93.939,7.9235,83.809
-93.865,7.8979,83.872
-93.283,8.3508,83.705
-93.017,8.576,83.682
-93.017,8.576,83.682
-93.078,8.5754,83.643
-93.381,8.3385,83.938
-93.381,8.3385,83.938
-94.554,7.853,84.655
-94.548,7.8509,84.659
-95.726,8.7606,86.13
-97.162,9.4561,86.538
-97.177,9.4591,86.517
-98.013,9.6008,86.834
-99.421,9.8228,87.103
-99.421,9.8228,87.103
-100.37,9.5297,87.344
-101.18,9.5815,87.44
-101.18,9.5815,87.44
-101.37,9.4189,87.479
-101.38,9.4187,87.474
-101.35,9.3447,87.459
-101.55,9.041,87.487
-101.55,9.041,87.487
-101.62,8.8045,87.396
-101.85,8.5761,87.296
-101.85,8.5761,87.296
-102.39,8.1807,86.927
-102.39,8.1807,86.927
-102.42,7.8802,86.782
-102.86,7.5019,86.611
-102.86,7.5019,86.611
-102.81,7.0375,86.421
-102.71,6.7378,86.399
-102.71,6.7378,86.399
-102.42,6.3398,86.044
-102.46,6.2523,86.085
-102.46,6.2523,86.085
-102.53,5.8899,85.985
-102.53,5.8899,85.985
-109,12.801,82.91
-108.56,11.323,83.429
-108.54,11.321,83.45
-109.06,11.005,84.27
-109,10.313,84.726
-109,10.312,84.728
-108.63,8.9198,85.348
-109.09,7.664,86.084
-109.07,7.6603,86.104
-109.5,5.7722,86.776
-109.95,5.4044,87.195
-109.95,5.4044,87.195
-109.99,5.1152,87.319
-109.99,5.1139,87.319
-110.24,4.909,87.442
-110.2,4.8699,87.416
-110.2,4.8699,87.416
-109.71,4.9966,87.076
-109.82,4.4609,87.006
-109.82,4.4609,87.006
-110.25,4.1467,86.696
-110.33,3.6118,86.921
-110.33,3.6118,86.921
-111.21,3.1508,87.153
-111.21,3.1508,87.153
-111.99,2.7043,87.505
-113.4,2.2724,87.763
-113.4,2.2724,87.763
-115.21,1.7765,88.349
-116.9,1.4778,89.001
-116.9,1.4778,89.001
-117.68,1.3272,89.337
-117.68,1.3272,89.337
-118.53,1.2503,89.525
-119.55,1.0039,89.868
-119.55,1.0039,89.868
-120.15,0.83003,90.107
-120.67,0.69084,90.389
-120.67,0.69084,90.389
-121.63,0.46015,90.523
-121.88,0.35448,90.616
-121.88,0.35448,90.616
-123.33,-0.029563,90.982
-123.33,-0.029563,90.982
-124.92,-0.62664,91.709
-125.44,-0.86426,91.756
-125.44,-0.86426,91.756
-125.42,-0.87163,91.774
-125.39,-0.8762,91.734
-125.39,-0.8762,91.734
-125.35,-0.90269,91.825
-125.35,-0.90269,91.825
-125.31,-1.038,92.05
-125.38,-1.2114,92.231
-125.38,-1.2114,92.231
-125.24,-1.3618,92.421
-124.95,-1.51,92.615
-124.95,-1.51,92.615
-124.37,-1.8271,93.315
-124.38,-1.8251,93.306
-123.96,-1.9365,94.081
-123.53,-2.2484,95.017
-123.5,-2.2409,95.041
-123.23,-2.3069,95.524
-123.19,-2.3617,95.495
-123.24,-2.3266,95.432
-123.06,-2.2696,95.473
-123.08,-2.2069,95.343
-123.04,-2.2306,95.392
-123.05,-2.1513,95.304
-123.03,-2.1679,95.327
-122.98,-2.2471,95.641
-121.78,-3.0132,100.1
-122.44,-2.8049,99.227
-122.81,-3.0637,100.37
-123.34,-3.5982,100.21
-124.08,-3.3969,98.919
-124.64,-3.3979,98.275
-124.7,-3.302,98.177
-124.49,-3.2242,98.121
-124.47,-3.2386,98.17
-123.85,-2.558,96.374
-122.13,-2.0492,96.539
-122.03,-2.1266,96.52
-121.04,-1.79,96.322
-121.22,-1.7711,96.075
-120.56,-1.3767,95.741
-120.17,-0.84765,94.898
-120.17,-0.85122,94.897
-119.68,-0.32698,94.066
-119.52,-0.34577,93.989
-119.43,-0.35158,94.092
-119.5,-0.35488,94.024
-119.67,-0.28964,93.722
-119.67,-0.28964,93.722
-119.7,-0.33606,93.675
-119.7,-0.33606,93.675
-119.84,-0.44344,93.675
-120.16,-0.56828,93.561
-120.16,-0.57003,93.563
-120.23,-0.5845,93.407
-119.88,-0.80294,93.27
-119.88,-0.80294,93.27
-119.78,-0.97527,93.175
-119.81,-1.2367,93.151
-119.81,-1.2367,93.151
-119.77,-1.8363,92.855
-119.77,-1.8326,92.857
-119.7,-2.331,92.7
-119.64,-2.8235,92.512
-119.64,-2.8088,92.506
-119.47,-3.1721,92.499
-119.24,-3.3592,92.576
-119.23,-3.3221,92.579
-119.18,-3.337,92.722
-119,-3.4075,92.733
-119.01,-3.395,92.72
-118.75,-3.4336,92.626
-118.52,-3.4614,92.454
-118.52,-3.4614,92.454
-118.27,-3.4866,92.189
-118.25,-3.4885,92.214
-118.01,-3.5076,91.966
-117.83,-3.4914,91.939
-117.91,-3.5372,91.863
-117.27,-3.7382,91.605
-116.73,-3.7289,91.393
-116.69,-3.7289,91.432
-115.99,-3.7588,91.061
-115.92,-3.7736,91.128
-115.92,-3.7736,91.128
-115.87,-3.7217,91.187
-115.92,-3.7628,91.154
-115.92,-3.7628,91.154
-115.88,-3.8495,91.295
-115.88,-3.8495,91.295
-115.87,-3.9431,91.365
-115.91,-3.9915,91.374
-115.86,-3.9461,91.424
-115.87,-3.913,91.406
-115.87,-3.913,91.406
-115.8,-3.8169,91.374
-114.36,-4.1118,90.642
-114.33,-4.1089,90.672
-111.88,-4.4747,89.866
-111.2,-4.5511,89.356
-111.14,-4.5452,89.409
-109.91,-4.6202,88.914
-109.34,-4.75,88.643
-109.3,-4.7449,88.684
-108.98,-4.8241,88.55
-109,-4.8764,88.704
-109,-4.8764,88.704
-109.47,-4.7987,89.112
-109.47,-4.7987,89.112
-109.86,-4.7396,89.358
-109.89,-4.7403,89.365
-109.89,-4.7403,89.365
-109.91,-4.7662,89.372
-110.31,-4.5635,89.486
-110.11,-4.5359,89.659
-109.38,-4.7878,89.272
-108.94,-4.8351,89.036
-108.94,-4.8351,89.036
-108.56,-4.8976,88.581
-107.75,-5.0638,88.167
-107.75,-5.0638,88.167
-106.94,-5.2715,87.695
-106.94,-5.2715,87.695
-106.59,-5.2127,87.43
-105.47,-5.3325,86.976
-105.61,-5.3493,86.838
-104.62,-5.6626,85.884
-104.23,-6.1084,84.627
-104.27,-6.1115,84.583
-104.04,-6.0818,84.387
-104.13,-6.3203,83.828
-104.11,-6.3144,83.846
-104.58,-6.7299,82.563
-104.47,-6.7186,82.531
-104.48,-6.7178,82.527
-104.62,-6.7724,82.815
-104.62,-6.7724,82.815
-107.39,-6.0553,84.143
-107.62,-6.0593,84.239
-107.62,-6.0593,84.239
-107.72,-6.1202,84.316
-107.19,-6.2285,84.382
-107.19,-6.2285,84.382
-106.03,-6.4512,83.81
-106.03,-6.4514,83.81
-104.72,-6.7256,83.237
-102.4,-7.3467,82.58
-102.53,-7.3638,82.481
-101.43,-7.0862,82.088
-100.74,-6.7181,81.735
-100.75,-6.7191,81.732
-100,-6.4896,81.553
-98.618,-6.8621,81.411
-98.618,-6.8621,81.411
-98.397,-7.1131,81.356
-102.17,-5.4119,83.705
-102.23,-5.4159,83.652
-105.19,-5.0456,85.58
-105.21,-5.0654,85.713
-105.21,-5.0654,85.713
-105.21,-5.0424,85.707
-105.21,-5.0424,85.707
-105.16,-5.1653,85.442
-103.98,-5.7636,83.737
-103.96,-5.7623,83.748
-102.12,-6.2544,82.135
-99.936,-6.5808,81.528
-100.03,-6.5958,81.459
-97.938,-7.4939,81.02
-97.646,-7.8556,80.541
-97.646,-7.8556,80.541
-99.855,-6.5933,80.946
-99.72,-6.5699,81.044
-105.94,-5.7244,82.576
-109.25,-4.7733,84.252
-109.25,-4.7681,84.255
-109.57,-4.5872,84.3
-109.55,-4.6558,84.37
-109.56,-4.6461,84.364
-109.11,-5.0159,84.741
-107.27,-5.4331,83.732
-107.3,-5.4337,83.712
-106.22,-4.8692,83.327
-106.27,-4.8776,83.289
-105.1,-4.2299,83.818
-105.21,-3.8471,83.319
-105.25,-3.8533,83.285
-105.3,-3.4695,83.029
-105.7,-3.3731,83.314
-105.7,-3.3731,83.314
-106.01,-3.6269,83.928
-105.79,-3.8671,84.819
-105.78,-3.864,84.821
-105.58,-4.5765,85.58
-105.23,-5.3485,86.113
-105.21,-5.3414,86.129
-105.15,-5.4448,86.596
-105.13,-5.4415,86.609
-105.17,-5.4868,86.834
-105.21,-5.5549,86.913
-105.21,-5.5549,86.913
-104.96,-5.5303,86.687
-104.73,-5.5714,86.437
-104.7,-5.5668,86.463
-104.72,-5.5456,86.498
-104.89,-5.603,86.478
-104.85,-5.5965,86.513
-104.87,-5.5565,86.575
-104.29,-5.5641,86.048
-104.24,-5.5567,86.087
-103.79,-5.4589,85.776
-103.77,-5.455,85.798
-102.86,-5.3591,85.061
-102.45,-5.1836,84.619
-102.43,-5.1815,84.633
-101.69,-5.2258,84.086
-101.83,-5.1258,83.929
-101.8,-5.1218,83.955
-102.53,-4.8947,84.118
-103.01,-4.6412,84.131
-103,-4.6409,84.141
-102.68,-4.7969,83.881
-102.63,-4.8835,83.814
-102.6,-4.8807,83.843
-102.09,-5.2524,83.597
-101.8,-5.3503,83.406
-101.8,-5.3503,83.406
-101.47,-5.4762,83.244
-101.47,-5.4762,83.244
-101.57,-5.4711,83.231
-101.6,-5.465,83.251
-101.6,-5.465,83.251
-101.32,-5.5073,83.282
-100.34,-5.9491,83.08
-100.34,-5.9491,83.08
-99.687,-6.278,83.005
-99.276,-6.4383,83.119
-99.284,-6.438,83.112
-99.073,-6.4965,82.911
-98.732,-6.4202,83.193
-98.555,-7.7156,82.623
-96.904,-7.2372,83.383
-96.715,-7.1791,83.532
-96.47,-7.9617,83.614
-97.573,-9.0263,80.919
-97.494,-9.0077,80.973
-97.781,-9.3064,80.347
-97.584,-9.4731,80.183
-97.575,-9.4699,80.188
-97.617,-9.5411,80.017
-97.541,-9.5222,79.92
-97.539,-9.521,79.921
-97.507,-9.4597,79.855
-96.485,-8.7502,80.883
-96.862,-8.8192,80.608
-96.015,-8.085,83.722
-97.321,-7.9762,82.65
-97.153,-7.9246,82.722
-97.307,-7.8181,82.531
-97.333,-7.7029,82.511
-97.165,-7.672,82.669
-97.43,-7.6217,82.39
-97.139,-7.5696,82.666
-97.095,-7.513,82.652
-97.149,-7.5502,82.65
-97.149,-7.5502,82.65
-97.421,-7.6144,82.615
-97.803,-7.5656,83.005
-97.841,-7.5721,82.968
-97.845,-7.6363,83.138
-96.893,-8.4987,82.501
-96.861,-8.4919,82.529
-96.832,-8.2808,82.584
-96.871,-8.2921,82.548
-97.759,-7.5472,82.782
-98.389,-7.4146,82.883
-98.322,-7.404,82.944
-98.446,-7.284,82.888
-98.53,-7.1547,82.713
-98.486,-7.1491,82.753
-98.434,-7.0709,82.544
-98.31,-6.9858,82.401
-98.31,-6.9858,82.401
-98.475,-6.8578,82.258
-98.475,-6.8578,82.258
-98.451,-6.7555,82.198
-98.654,-6.6521,82.202
-98.654,-6.6521,82.202
-98.76,-6.6015,82.254
-98.701,-6.6766,82.464
-98.751,-6.681,82.418
-98.781,-6.8101,82.623
-99.019,-6.8735,82.877
-99.019,-6.8735,82.877
-99.35,-6.9097,83.13
-99.35,-6.9097,83.13
-99.349,-7.0078,83.519
-99.174,-7.1612,83.806
-99.234,-7.1707,83.75
-98.96,-7.3406,83.938
-98.737,-7.4705,84.086
-98.786,-7.48,84.041
-98.529,-7.6279,84.007
-98.505,-7.837,83.946
-98.505,-7.837,83.946
-98.469,-8.1941,83.82
-98.553,-8.63,83.67
-98.602,-8.6395,83.622
-98.825,-9.8425,82.948
-98.89,-9.8545,82.881
-95.788,-7.7352,83.093
-94.591,-8.0163,82.995
-94.591,-8.0123,82.989
-93.921,-8.2997,82.824
-92.414,-9.1584,82.266
-92.188,-9.0875,82.46
-91.029,-10.299,81.822
-89.383,-11.094,81.591
-89.048,-10.98,81.879
-88.251,-11.358,81.773
-87.514,-11.692,81.792
-87.5,-11.686,81.804
-86.913,-12.032,81.754
-86.311,-12.401,81.678
-86.311,-12.401,81.678
-85.505,-12.831,81.557
-85.505,-12.831,81.557
-84.664,-13.319,81.373
-83.904,-13.891,81.137
-83.904,-13.891,81.137
-83.059,-14.685,80.673
-82.291,-15.297,80.296
-82.291,-15.297,80.296
-82.263,-15.405,80.271
-82.369,-15.439,80.222
-82.369,-15.439,80.222
-82.333,-15.427,80.193
-82.316,-15.423,80.209
-82.311,-15.445,80.19
-82.182,-15.468,80.121
-82.182,-15.468,80.121
-82.306,-15.489,80.093
-82.51,-15.459,80.075
-82.51,-15.459,80.075
-82.534,-15.456,80.052
-82.534,-15.456,80.052
-82.665,-15.44,80.017
-82.658,-15.424,79.994
-82.658,-15.424,79.994
-82.612,-15.439,79.937
-82.175,-15.535,79.762
-82.178,-15.535,79.759
-81.969,-15.623,79.607
-81.421,-15.804,79.434
-81.421,-15.804,79.434
-80.942,-16.028,79.222
-80.942,-16.028,79.222
-80.482,-16.304,78.974
-80.455,-16.352,78.922
-80.455,-16.352,78.922
-80.471,-16.359,78.906
-80.463,-16.37,78.899
-80.463,-16.37,78.899
-80.326,-16.397,78.851
-80.316,-16.393,78.86
-79.958,-16.513,78.708
-79.7,-16.643,78.584
-79.7,-16.643,78.584
-79.695,-16.667,78.551
-79.941,-16.669,78.502
-79.941,-16.669,78.502
-80.264,-16.609,78.513
-80.264,-16.609,78.513
-80.414,-16.585,78.503
-80.571,-16.553,78.519
-80.571,-16.553,78.519
-80.684,-16.474,78.563
-80.831,-16.411,78.549
-80.831,-16.411,78.549
-80.857,-16.378,78.545
-80.857,-16.378,78.545
-80.929,-16.333,78.481
-80.905,-16.27,78.448
-80.905,-16.27,78.448
-81.016,-16.244,78.361
-81.091,-16.235,78.319
-81.091,-16.235,78.319
-81.077,-16.231,78.339
-81.088,-16.234,78.456
-81.088,-16.234,78.456
-81.172,-16.225,78.639
-81.172,-16.225,78.639
-81.174,-16.219,78.847
-81.14,-16.23,79.048
-81.14,-16.23,79.048
-81.075,-16.241,79.221
-81.136,-16.293,79.306
-81.136,-16.293,79.306
-81.181,-16.325,79.4
-81.14,-16.364,79.483
-81.14,-16.364,79.483
-80.993,-16.437,79.504
-80.993,-16.437,79.504
-81.021,-16.487,79.537
-81.036,-16.515,79.603
-81.036,-16.515,79.603
-80.987,-16.509,79.709
-80.627,-16.567,79.724
-80.627,-16.567,79.724
-79.743,-16.884,79.513
-78.524,-17.497,78.994
-78.452,-17.473,79.059
-77.228,-19.245,78.142
-77.228,-19.245,78.142
-75.731,-21.039,77.23
-74.433,-22.534,76.588
-74.443,-22.536,76.577
-72.969,-24.229,75.752
-72.099,-25.215,75.473
-72.101,-25.215,75.47
-71.408,-26.058,75.208
-70.986,-26.657,75.057
-70.986,-26.657,75.057
-71.007,-26.75,75.202
-71.31,-26.604,75.455
-71.31,-26.604,75.455
-71.597,-26.482,75.697
-72.348,-25.889,76.211
-72.357,-25.889,76.199
-73.217,-25.047,76.855
-73.239,-25.047,76.828
-73.392,-24.82,77.06
-73.421,-24.789,77.21
-73.425,-24.789,77.206
-73.625,-24.651,77.328
-73.721,-24.545,77.37
-73.721,-24.545,77.37
-73.753,-24.431,77.364
-73.766,-24.327,77.311
-73.766,-24.327,77.311
-73.771,-24.23,77.272
-73.771,-24.23,77.272
-73.808,-24.093,77.192
-74.006,-23.731,77.17
-74.004,-23.73,77.17
-73.771,-23.58,76.929
-73.653,-23.25,76.747
-73.649,-23.249,76.75
-73.143,-23.06,76.642
-72.343,-22.987,76.708
-72.339,-22.984,76.709
-71.648,-23.18,76.578
-71.514,-23.322,76.355
-71.514,-23.322,76.355
-71.499,-23.468,76.281
-71.499,-23.468,76.281
-71.494,-23.579,76.227
-71.591,-23.838,76.094
-71.591,-23.837,76.093
-71.478,-24.326,75.79
-71.019,-24.738,75.677
-71.019,-24.738,75.677
-70.658,-25.187,75.494
-70.198,-26.01,75.222
-70.193,-26.009,75.227
-69.363,-27.587,74.842
-68.382,-28.796,74.388
-68.403,-28.788,74.353
-66.747,-30.718,73.603
-66.747,-30.718,73.602
-65.902,-31.577,73.158
-65.732,-31.714,73.117
-65.732,-31.714,73.117
-64.888,-32.523,72.68
-64.539,-32.886,72.45
-64.539,-32.886,72.45
-64.182,-33.203,72.15
-63.799,-33.555,71.726
-63.8,-33.554,71.726
-62.704,-34.389,71.185
-61.962,-35.01,70.723
-61.962,-35.01,70.723
-61.32,-35.638,70.157
-61.32,-35.637,70.157
-60.793,-36.037,69.726
-60.721,-36.141,69.578
-60.721,-36.141,69.578
-60.229,-36.499,69.281
-60.097,-36.565,69.176
-60.097,-36.565,69.175
-59.977,-36.727,69.195
-58.625,-38.356,68.945
-58.626,-38.355,68.943
-57.501,-39.321,68.375
-56.419,-40.287,67.756
-56.421,-40.283,67.752
-55.801,-40.864,67.339
-55.802,-40.863,67.337
-55.481,-41.088,67.095
-54.494,-42.022,66.403
-54.498,-42.015,66.396
-52.65,-43.355,65.732
-50.102,-44.436,65.419
-50.102,-44.436,65.419
-48.45,-45.213,64.962
-47.307,-45.771,64.613
-47.307,-45.773,64.612
-46.458,-46.19,64.26
-45.466,-46.656,63.991
-45.467,-46.658,63.991
-44.951,-46.844,63.817
-44.77,-46.856,63.735
-44.77,-46.856,63.735
-44.794,-46.716,63.684
-44.793,-46.719,63.684
-44.941,-46.547,63.665
-44.932,-46.475,63.597
-44.932,-46.475,63.597
-44.939,-46.412,63.549
-45.14,-46.247,63.577
-45.14,-46.247,63.577
-45.178,-46.199,63.505
-45.178,-46.199,63.505
-45.198,-46.163,63.404
-45.196,-46.188,63.267
-45.196,-46.188,63.267
-45.24,-46.166,63.142
-45.342,-46.076,62.973
-45.342,-46.076,62.973
-45.443,-45.958,62.793
-45.556,-45.808,62.652
-45.556,-45.806,62.652
-45.679,-45.651,62.569
-45.679,-45.649,62.568
-45.82,-45.452,62.461
-45.82,-45.452,62.461
-45.82,-45.452,62.461
-45.82,-45.452,62.461
-45.82,-45.452,62.461
-45.82,-45.452,62.461
-45.82,-45.452,62.461
-41.929,-48.77,62.019
-41.759,-48.794,62.023
-42.136,-48.322,62.184
-42.136,-48.322,62.184
-42.747,-47.642,62.504
-43.168,-47.231,62.719
-43.168,-47.231,62.719
-43.253,-47.114,62.783
-43.447,-46.945,62.855
-43.447,-46.945,62.855
-43.454,-46.895,62.89
-43.454,-46.895,62.89
-43.665,-46.716,62.977
-43.935,-46.505,63.08
-43.935,-46.505,63.08
-44.187,-46.263,63.219
-44.446,-46.102,63.273
-44.446,-46.102,63.273
-44.686,-45.853,63.379
-44.636,-45.616,63.566
-44.636,-45.616,63.566
-44.547,-45.4,63.676
-44.547,-45.4,63.676
-44.639,-45.012,63.934
-44.673,-44.482,64.277
-44.673,-44.482,64.277
-44.47,-44.228,64.433
-44.273,-44.052,64.656
-44.273,-44.052,64.656
-44.112,-43.949,64.894
-44.045,-43.937,65.069
-44.045,-43.937,65.069
-43.959,-43.889,65.279
-43.959,-43.889,65.279
-43.904,-43.869,65.5
-43.863,-43.869,65.697
-43.863,-43.869,65.697
-43.844,-43.87,65.907
-43.501,-44.104,65.963
-43.501,-44.104,65.963
-42.066,-44.868,65.954
-39.828,-45.878,66.099
-39.828,-45.878,66.099
-38.25,-46.586,66.232
-38.25,-46.586,66.232
-37.502,-46.965,66.362
-37.232,-47.144,66.518
-37.232,-47.144,66.518
-37.113,-47.21,66.699
-38.035,-46.568,67.115
-38.035,-46.568,67.115
-38.183,-46.386,67.396
-38.201,-46.414,67.563
-38.201,-46.414,67.563
-38.137,-46.392,67.761
-37.977,-46.487,67.915
-37.977,-46.487,67.915
-36.603,-47.477,67.864
-36.603,-47.477,67.864
-34.492,-48.686,67.958
-32.769,-49.516,68.156
-32.769,-49.516,68.156
-31.741,-49.96,68.353
-30.491,-50.574,68.531
-30.491,-50.574,68.531
-29.807,-50.957,68.68
-29.235,-51.27,68.796
-29.235,-51.27,68.796
-29.97,-50.66,69.033
-29.97,-50.66,69.033
-30.412,-50.32,69.221
-30.56,-50.252,69.389
-30.56,-50.252,69.389
-30.577,-50.291,69.55
-30.584,-50.267,69.623
-30.585,-50.267,69.623
-30.638,-50.277,69.581
-30.696,-50.315,69.527
-30.696,-50.315,69.527
-30.756,-50.332,69.467
-30.756,-50.332,69.467
-30.803,-50.357,69.409
-30.844,-50.364,69.355
-30.844,-50.364,69.355
-30.882,-50.393,69.293
-30.92,-50.44,69.264
-30.92,-50.441,69.264
-30.965,-50.485,69.207
-30.997,-50.51,69.139
-30.997,-50.51,69.139
-31.018,-50.519,69.082
-31.018,-50.519,69.082
-31.042,-50.521,69.022
-31.062,-50.521,68.968
-31.062,-50.521,68.968
-31.071,-50.515,68.91
-31.071,-50.516,68.91
-31.093,-50.519,68.854
-31.123,-50.518,68.797
-31.123,-50.518,68.797
-31.131,-50.519,68.739
-31.147,-50.527,68.67
-31.147,-50.527,68.67
-31.169,-50.528,68.611
-31.169,-50.528,68.611
-31.18,-50.523,68.553
-31.197,-50.524,68.477
-31.197,-50.524,68.477
-31.209,-50.519,68.415
-31.219,-50.52,68.359
-31.218,-50.52,68.359
-31.233,-50.516,68.297
-31.255,-50.524,68.214
-31.255,-50.524,68.214
-31.27,-50.52,68.145
-31.27,-50.52,68.145
-31.284,-50.519,68.071
-31.303,-50.532,67.996
-31.303,-50.532,67.996
-31.321,-50.539,67.919
-31.35,-50.544,67.845
-31.35,-50.544,67.845
-31.375,-50.554,67.766
-31.375,-50.554,67.766
-31.376,-50.545,67.699
-31.392,-50.542,67.62
-31.392,-50.542,67.62
-31.419,-50.548,67.537
-31.155,-50.873,67.571
-31.155,-50.873,67.571
-30.597,-51.266,67.525
-30.109,-51.46,67.447
-30.109,-51.46,67.447
-29.539,-51.649,67.404
-29.539,-51.649,67.404
-28.476,-51.917,67.315
-27.907,-52.086,67.118
-27.907,-52.086,67.118
-27.276,-52.292,66.878
-27.018,-52.395,66.706
-27.018,-52.395,66.706
-27.018,-52.415,66.584
-27.031,-52.421,66.476
-27.031,-52.421,66.476
-27.035,-52.414,66.396
-27.035,-52.414,66.396
-27.043,-52.403,66.327
-27.067,-52.394,66.259
-27.067,-52.394,66.259
-27.09,-52.389,66.179
-27.018,-52.437,66.083
-27.018,-52.437,66.083
-25.709,-52.864,65.639
-23.682,-53.784,65.058
-23.682,-53.784,65.058
-23.082,-54.163,64.915
-23.082,-54.163,64.915
-22.497,-54.519,64.783
-22.578,-54.533,64.733
-22.578,-54.533,64.733
-22.616,-54.521,64.602
-22.63,-54.528,64.52
-22.63,-54.528,64.52
-22.642,-54.519,64.447
-22.659,-54.506,64.381
-22.659,-54.506,64.381
-22.27,-54.8,64.302
-22.27,-54.8,64.302
-20.49,-56.078,64.256
-17.511,-58.134,64.215
-17.511,-58.134,64.215
-16.414,-58.933,64.196
-15.946,-59.307,64.138
-15.946,-59.307,64.138
-15.915,-59.335,64.07
-15.921,-59.349,63.989
-15.921,-59.349,63.989
-15.943,-59.342,63.928
-15.943,-59.342,63.928
-15.952,-59.34,63.856
-15.229,-59.918,63.86
-15.229,-59.918,63.86
-13.481,-61.331,63.895
-12.818,-61.902,63.784
-12.818,-61.902,63.784
-12.537,-62.163,63.706
-12.537,-62.163,63.706
-12.518,-62.185,63.625
-12.534,-62.197,63.515
-12.534,-62.197,63.515
-12.548,-62.207,63.433
-12.557,-62.197,63.377
-12.556,-62.197,63.376
-12.119,-62.54,63.349
-10.566,-63.694,63.481
-10.565,-63.694,63.479
-8.7032,-65.164,63.706
-6.3514,-67.921,62.818
-6.3514,-67.921,62.818
-5.8937,-68.289,62.694
-5.8937,-68.289,62.694
-5.8922,-68.324,62.598
-5.899,-68.321,62.524
-5.8987,-68.321,62.523
-5.9164,-68.33,62.459
-5.932,-68.334,62.388
-5.9317,-68.334,62.387
-5.9519,-68.33,62.333
-5.9518,-68.331,62.332
-5.5438,-68.644,62.205
-4.9094,-69.219,62.007
-4.9094,-69.219,62.007
-4.7413,-69.387,61.907
-4.7048,-69.474,61.835
-4.7048,-69.474,61.835
-4.7102,-69.481,61.756
-4.6858,-69.463,61.818
-4.6858,-69.463,61.818
-4.6174,-69.445,61.925
-4.6174,-69.445,61.925
-4.5528,-69.425,62.057
-4.3779,-69.488,62.159
-4.3779,-69.488,62.159
-3.3558,-70.332,62.201
0.20945,-73.51,61.867
0.20945,-73.51,61.867
1.5027,-74.2,61.836
1.5027,-74.2,61.837
1.5926,-74.223,61.877
1.6629,-74.184,61.941
1.6629,-74.184,61.941
1.6912,-74.138,62.01
1.741,-74.109,62.104
1.741,-74.109,62.104
1.7956,-74.084,62.198
2.3265,-74.372,62.29
2.3265,-74.372,62.29
4.218,-76.223,61.684
5.8978,-77.515,61.372
5.8985,-77.515,61.371
6.183,-77.697,61.332
6.183,-77.697,61.332
6.2345,-77.689,61.389
6.2759,-77.663,61.463
6.2759,-77.663,61.463
6.3324,-77.639,61.547
6.3799,-77.609,61.639
6.3799,-77.609,61.639
6.4359,-77.583,61.718
7.7031,-78.734,61.457
7.7035,-78.734,61.456
10.835,-80.345,60.856
10.835,-80.345,60.856
11.945,-81.192,60.543
12.306,-81.397,60.502
12.306,-81.397,60.502
12.392,-81.364,60.571
12.377,-81.267,60.654
12.377,-81.267,60.654
12.436,-81.219,60.75
12.436,-81.22,60.75
12.499,-81.176,60.854
12.679,-81.218,60.939
12.679,-81.218,60.939
13.438,-81.734,60.926
15.582,-83.382,60.593
15.582,-83.382,60.593
17.903,-85.161,60.621
18.057,-85.214,60.393
18.057,-85.214,60.393
17.78,-85.013,60.352
17.398,-84.766,60.386
17.398,-84.766,60.386
17.355,-84.771,60.412
17.355,-84.771,60.412
17.322,-84.777,60.431
17.751,-85.137,60.476
17.751,-85.137,60.477
18.391,-85.644,60.514
18.655,-85.86,60.544
18.656,-85.86,60.544
18.71,-85.927,60.524
18.667,-85.898,60.456
18.666,-85.899,60.454
18.493,-85.782,60.419
18.493,-85.782,60.419
18.226,-85.623,60.384
18.086,-85.544,60.354
18.086,-85.544,60.354
17.676,-85.285,60.319
16.871,-84.724,60.284
16.871,-84.725,60.281
15.605,-83.849,60.316
15.113,-83.508,60.407
15.113,-83.508,60.407
14.605,-83.14,60.454
14.605,-83.14,60.454
13.768,-82.557,60.547
12.76,-81.802,60.739
12.76,-81.802,60.739
12.557,-81.69,60.808
12.525,-81.714,60.78
12.525,-81.714,60.78
12.502,-81.73,60.755
12.472,-81.747,60.717
12.471,-81.746,60.716
12.318,-81.657,60.681
12.318,-81.657,60.681
11.699,-81.181,60.778
9.5704,-79.51,61.342
9.5704,-79.51,61.342
6.7616,-77.583,61.586
5.365,-76.565,62.197
5.3651,-76.564,62.197
5.2188,-76.522,62.22
5.1902,-76.535,62.201
5.1902,-76.535,62.201
5.166,-76.553,62.174
5.1658,-76.553,62.174
5.1245,-76.569,62.122
4.8434,-76.395,62.119
4.8434,-76.395,62.119
3.0026,-74.538,62.443
-0.26627,-71.894,63.008
-0.26627,-71.894,63.008
-1.8865,-70.563,63.007
-1.9654,-70.523,62.994
-1.9656,-70.523,62.994
-1.9905,-70.539,62.962
-2.0172,-70.545,62.925
-2.0173,-70.544,62.925
-2.0535,-70.553,62.865
-2.0535,-70.553,62.865
-2.591,-70.137,62.889
-4.7564,-68.344,63.188
-4.7575,-68.343,63.19
-8.13,-65.587,63.199
-9.3345,-64.463,63.282
-9.3351,-64.462,63.283
-9.3643,-64.442,63.247
-9.3754,-64.445,63.217
-9.3753,-64.445,63.217
-9.396,-64.447,63.162
-9.4437,-64.429,63.075
-9.4437,-64.429,63.075
-10.49,-63.637,63.306
-10.491,-63.637,63.307
-12.712,-61.873,63.254
-14.467,-60.31,63.09
-14.467,-60.31,63.09
-14.683,-60.106,63.036
-14.703,-60.102,62.988
-14.702,-60.102,62.987
-14.721,-60.105,62.923
-14.795,-60.065,62.846
-14.795,-60.065,62.846
-16.795,-58.577,62.86
-16.795,-58.577,62.86
-21.361,-55.347,63.029
-22.82,-54.295,63.09
-22.822,-54.294,63.091
-22.883,-54.267,63.035
-22.862,-54.309,62.95
-22.862,-54.309,62.95
-22.92,-54.269,62.909
-22.944,-54.269,62.856
-22.944,-54.269,62.856
-23.13,-54.139,62.861
-23.286,-54.052,62.814
-23.286,-54.052,62.814
-23.275,-54.074,62.648
-23.275,-54.074,62.648
-23.253,-54.105,62.338
-23.198,-54.105,61.378
-23.194,-54.106,61.373
-23.038,-53.95,60.3
-22.982,-53.782,59.568
-22.981,-53.784,59.567
-23.004,-53.694,59.342
-22.99,-53.58,59.024
-22.989,-53.58,59.024
-23.054,-53.475,58.824
-23.103,-53.359,58.656
-23.103,-53.359,58.656
-23.24,-53.157,58.496
-23.564,-53.306,59.015
-23.564,-53.306,59.015
-23.968,-53.533,60.734
-23.967,-53.534,60.733
-24.358,-53.926,61.787
-24.47,-54.336,62.523
-24.468,-54.336,62.522
-24.62,-54.441,63.071
-24.734,-54.471,63.277
-24.734,-54.471,63.277
-24.918,-54.345,63.534
-25,-54.342,63.843
-25,-54.342,63.843
-25.084,-54.292,64.189
-25.248,-54.317,64.78
-25.248,-54.317,64.78
-25.358,-54.299,65.161
-25.358,-54.299,65.161
-25.376,-54.275,65.358
-25.391,-54.305,65.431
-25.391,-54.305,65.431
-25.401,-54.357,65.515
-25.395,-54.398,65.588
-25.395,-54.398,65.588
-25.409,-54.516,65.56
-25.234,-54.877,65.431
-25.234,-54.877,65.431
-25.125,-54.802,65.617
-25.125,-54.802,65.617
-24.699,-54.993,65.828
-24.659,-54.614,66.143
-24.659,-54.614,66.143
-24.669,-54.392,66.289
-24.731,-53.921,66.712
-24.731,-53.921,66.712
-24.716,-53.454,67.032
-25.115,-52.708,67.518
-25.115,-52.708,67.518
-25.426,-51.971,67.761
-25.426,-51.971,67.761
-25.144,-51.577,67.927
-24.858,-51.44,68.052
-24.858,-51.44,68.052
-24.646,-51.045,68.149
-24.279,-50.587,68.251
-24.279,-50.587,68.251
-24.027,-50.311,68.276
-23.881,-50.195,68.376
-23.881,-50.195,68.376
-23.827,-50.224,68.443
-23.827,-50.224,68.443
-23.824,-50.238,68.522
-23.806,-50.384,68.557
-23.806,-50.384,68.557
-23.816,-50.677,68.178
-23.836,-51.25,67.837
-23.835,-51.25,67.836
-23.517,-51.862,67.578
-23.517,-51.862,67.578
-23.401,-52.187,67.588
-23.35,-52.416,67.6
-23.35,-52.416,67.6
-23.231,-52.594,67.648
-23.265,-52.684,67.782
-23.265,-52.684,67.782
-23.384,-52.646,68.454
-23.469,-52.495,68.945
-23.469,-52.494,68.945
-23.882,-52.241,69.084
-23.964,-52.186,69.18
-23.964,-52.186,69.18
-24.068,-52.095,69.258
-24.068,-52.095,69.258
-24.25,-51.913,69.359
-24.5,-51.793,69.422
-24.5,-51.793,69.422
-24.552,-51.84,69.429
-24.033,-52.318,69.538
-24.033,-52.318,69.538
-23.113,-53.046,69.654
-22.223,-53.724,69.747
-22.222,-53.724,69.746
-21.778,-54.159,69.759
-21.778,-54.159,69.759
-21.672,-54.31,69.756
-21.651,-54.351,69.75
-21.65,-54.352,69.748
-22.038,-54.134,69.82
-22.625,-53.631,69.903
-22.625,-53.631,69.903
-22.773,-53.509,69.924
-23.236,-53.203,69.941
-23.236,-53.203,69.941
-24.142,-52.612,69.964
-25.368,-51.895,69.822
-25.368,-51.895,69.822
-27.053,-51.035,69.748
-27.053,-51.034,69.748
-28.741,-50.282,69.94
-30.785,-49.474,70.208
-30.786,-49.473,70.208
-32.534,-48.812,70.385
-33.41,-48.487,70.463
-33.41,-48.487,70.463
-33.425,-48.476,70.485
-33.007,-48.691,70.405
-33.007,-48.691,70.405
-32.568,-49.024,70.291
-32.545,-49.04,70.291
-32.544,-49.04,70.291
-31.851,-49.532,70.107
-31.851,-49.532,70.107
-30.935,-50.265,69.838
-29.324,-51.286,69.63
-29.322,-51.287,69.629
-27.922,-51.982,69.484
-27.454,-52.205,69.391
-27.454,-52.205,69.391
-26.744,-52.544,69.231
-26.409,-52.628,69.148
-26.409,-52.628,69.148
-26.937,-52.264,69.171
-26.937,-52.264,69.171
-27.53,-51.97,69.144
-27.582,-51.999,69.087
-27.582,-51.999,69.087
-28.034,-51.61,69.13
-28.046,-51.567,69.179
-28.047,-51.566,69.179
-26.929,-52.444,68.815
-26.928,-52.445,68.815
-24.512,-54.037,68.548
-22.354,-55.352,68.783
-20.928,-56.628,68.709
-20.927,-56.629,68.708
-19.543,-57.543,68.656
-18.673,-58.159,68.467
-18.673,-58.159,68.466
-18.612,-58.164,68.336
-18.612,-58.164,68.336
-20.368,-56.623,68.232
-20.479,-56.457,68.161
-20.479,-56.457,68.161
-20.505,-56.438,68.119
-20.51,-56.443,68.078
-20.509,-56.443,68.077
-20.45,-56.391,68.081
-20.45,-56.391,68.081
-20.168,-56.435,68.001
-19.294,-57.281,67.339
-19.294,-57.281,67.339
-17.967,-58.397,65.975
-16.166,-59.815,64.367
-16.166,-59.815,64.367
-15.54,-60.537,63.505
-14.976,-61.107,62.941
-14.976,-61.107,62.939
-14.588,-61.254,62.367
-14.349,-61.254,61.895
-14.348,-61.254,61.894
-14.287,-61.238,61.65
-14.287,-61.238,61.65
-14.222,-61.221,61.433
-14.176,-61.18,61.24
-14.175,-61.18,61.24
-14.113,-61.238,61.184
-13.33,-61.92,61.388
-13.329,-61.92,61.385
-12.484,-62.583,61.241
-10.562,-63.977,61.126
-10.562,-63.977,61.126
-9.1167,-65.028,61.052
-8.2167,-65.771,60.961
-8.2164,-65.771,60.959
-7.6477,-66.175,60.922
-7.6477,-66.175,60.922
-7.5701,-66.163,61.066
-7.7413,-65.881,61.162
-7.7413,-65.881,61.162
-8.3667,-65.167,61.28
-8.8273,-64.703,61.365
-8.8274,-64.703,61.365
-9.0358,-64.462,61.499
-9.111,-64.457,61.803
-9.111,-64.457,61.803
-9.2067,-64.48,62.298
-9.2073,-64.48,62.298
-9.2738,-64.427,62.713
-9.3088,-64.233,63.344
-9.3094,-64.232,63.344
-9.3723,-64,63.881
-9.4556,-63.74,64.304
-9.4556,-63.74,64.304
-9.5141,-63.576,64.739
-9.684,-63.433,64.814
-9.684,-63.433,64.814
-9.8372,-63.265,64.877
-10.23,-62.916,64.939
-10.23,-62.916,64.939
-10.392,-62.65,65.058
-10.392,-62.65,65.058
-10.642,-62.359,65.158
-10.699,-62.164,65.281
-10.7,-62.163,65.283
-10.745,-61.957,65.712
-10.768,-61.812,66.028
-10.768,-61.812,66.028
-10.773,-61.706,66.435
-10.738,-61.656,66.623
-10.738,-61.656,66.623
-10.822,-61.56,66.871
-10.822,-61.56,66.871
-11.4,-61.207,67.031
-11.989,-60.898,67.009
-11.989,-60.898,67.009
-11.99,-61.093,65.164
-12.612,-60.666,64.335
-12.612,-60.666,64.335
-13.119,-60.28,63.839
-13.71,-59.865,63.567
-13.71,-59.866,63.567
-14.09,-59.649,63.34
-14.089,-59.649,63.34
-14.372,-59.477,63.26
-15.407,-58.812,63.284
-15.408,-58.812,63.285
-15.81,-58.611,63.435
-15.701,-58.646,63.742
-15.701,-58.646,63.742
-15.324,-58.95,63.942
-14.813,-59.462,64.318
-14.813,-59.462,64.317
-14.392,-59.915,64.466
-13.938,-60.239,64.27
-13.938,-60.239,64.27
-13.443,-60.46,63.783
-13.443,-60.46,63.782
-13.138,-60.57,63.575
-13.061,-60.534,63.452
-13.061,-60.534,63.452
-13.045,-60.481,63.548
-13.105,-60.378,63.682
-13.105,-60.378,63.682
-13.042,-60.372,63.873
-12.328,-60.961,63.966
-12.328,-60.961,63.966
-11.056,-61.682,63.382
-11.056,-61.682,63.382
-10.125,-62.179,63.054
-8.9705,-62.844,62.784
-8.9705,-62.844,62.784
-8.4189,-63.154,62.802
-7.9732,-63.39,62.838
-7.9732,-63.39,62.838
-7.893,-63.362,62.905
-7.9175,-63.341,62.912
-7.9177,-63.341,62.912
-8.1986,-63.092,62.954
-8.1986,-63.092,62.954
-8.4017,-63.006,63.533
-8.504,-63.028,64.014
-8.5042,-63.028,64.014
-8.6275,-63.035,64.546
-8.8862,-62.84,64.64
-8.8862,-62.84,64.64
-9.305,-62.582,64.842
-9.5647,-62.463,64.878
-9.5647,-62.463,64.878
-9.7555,-62.318,64.685
-9.7555,-62.318,64.685
-10.094,-61.86,64.059
-11.16,-60.865,63.809
-11.16,-60.865,63.809
-11.598,-60.523,63.741
-11.656,-60.504,63.724
-11.656,-60.504,63.724
-11.832,-60.399,63.649
-12.008,-60.24,63.578
-12.008,-60.24,63.578
-12.404,-59.906,63.482
-12.404,-59.906,63.482
-12.796,-59.631,63.405
-12.791,-59.638,63.353
-12.79,-59.639,63.352
-13.488,-59.071,63.449
-14.832,-58.186,63.683
-14.834,-58.185,63.685
-15.98,-57.448,63.753
-16.95,-56.913,63.836
-16.951,-56.913,63.836
-17.282,-56.864,63.892
-17.489,-56.925,64.014
-17.489,-56.925,64.014
-17.538,-57.04,64.059
-17.537,-57.04,64.059
-17.586,-57.055,63.983
-17.587,-57.02,63.849
-17.587,-57.02,63.849
-18.338,-56.494,63.833
-19.006,-56.149,63.86
-19.006,-56.149,63.86
-19.063,-56.149,63.786
-19.063,-56.149,63.786
-19.443,-55.903,63.85
-19.85,-55.719,63.903
-19.85,-55.719,63.903
-19.933,-55.736,63.926
-19.909,-55.799,63.967
-19.909,-55.8,63.967
-19.905,-55.858,63.956
-19.998,-55.772,63.945
-19.999,-55.772,63.946
-20.132,-55.669,63.922
-20.132,-55.669,63.922
-20.174,-55.601,63.912
-20.265,-55.541,63.886
-20.265,-55.541,63.886
-20.33,-55.496,63.838
-20.353,-55.475,63.773
-20.353,-55.475,63.773
-20.417,-55.46,63.674
-20.417,-55.46,63.674
-20.492,-55.488,63.583
-20.562,-55.531,63.519
-20.562,-55.531,63.519
-20.681,-55.5,63.456
-20.873,-55.4,63.435
-20.873,-55.4,63.435
-20.983,-55.351,63.388
-20.911,-55.441,63.311
-20.908,-55.442,63.309
-20.77,-55.584,63.221
-20.767,-55.584,63.219
-20,-56.189,63.101
-19.831,-56.328,63.02
-19.831,-56.328,63.02
-20.317,-55.98,63.036
-20.558,-55.797,62.995
-20.558,-55.797,62.995
-20.593,-55.824,62.922
-20.593,-55.824,62.922
-20.619,-55.818,62.85
-20.499,-55.932,62.778
-20.497,-55.932,62.776
-19.905,-56.438,62.665
-17.897,-57.933,62.605
-17.897,-57.933,62.605
-16.462,-59.131,62.493
-15.369,-59.972,62.293
-15.367,-59.973,62.292
-13.784,-61.106,62.065
-11.845,-62.181,61.983
-11.845,-62.181,61.983
-11.631,-62.11,61.943
-11.631,-62.111,61.943
-12.772,-60.971,61.915
-12.799,-60.888,61.863
-12.799,-60.888,61.863
-12.856,-60.898,61.803
-12.871,-60.889,61.791
-12.871,-60.889,61.791
-12.786,-60.905,61.913
-12.682,-60.988,61.955
-12.682,-60.988,61.955
-12.554,-61.062,61.916
-12.554,-61.062,61.916
-12.512,-60.968,61.923
-12.443,-60.9,61.989
-12.443,-60.9,61.99
-12.404,-60.802,61.962
-12.411,-60.696,62.002
-12.411,-60.696,62.002
-12.413,-60.618,61.965
-12.413,-60.618,61.965
-12.416,-60.533,61.96
-12.396,-60.485,61.926
-12.396,-60.485,61.926
-12.395,-60.425,61.871
-12.429,-60.382,61.786
-12.429,-60.382,61.786
-12.6,-60.266,61.697
-12.693,-60.195,61.652
-12.693,-60.195,61.652
-12.704,-60.158,61.684
-12.704,-60.158,61.684
-12.75,-60.142,61.623
-12.967,-59.784,62.159
-12.967,-59.784,62.159
-13.07,-59.263,62.905
-13.023,-59.027,63.398
-13.023,-59.027,63.398
-12.951,-58.9,63.685
-12.933,-58.728,63.976
-12.933,-58.728,63.976
-12.934,-58.696,64.014
-12.934,-58.696,64.014
-12.793,-58.73,64.145
-12.395,-58.966,64.338
-12.395,-58.966,64.338
-11.377,-59.731,64.574
-10.635,-60.288,64.811
-10.635,-60.288,64.811
-9.8177,-60.865,65.096
-8.948,-61.419,65.397
-8.9481,-61.419,65.397
-8.8553,-61.442,65.616
-8.8553,-61.442,65.616
-8.3453,-61.808,65.857
-8.1995,-61.892,65.93
-8.1995,-61.892,65.93
-9.2656,-61.2,65.386
-10.286,-60.592,64.855
-10.286,-60.592,64.855
-10.298,-60.643,64.857
-10.297,-60.64,64.984
-10.298,-60.641,64.984
-10.264,-60.702,64.895
-10.264,-60.702,64.895
-10.263,-60.741,64.836
-10.288,-60.73,64.898
-10.288,-60.73,64.898
-10.315,-60.711,65.007
-10.311,-60.706,65.136
-10.312,-60.706,65.136
-10.307,-60.694,65.247
-10.307,-60.694,65.248
-10.286,-60.69,65.382
-10.268,-60.686,65.512
-10.269,-60.686,65.513
-10.244,-60.68,65.643
-10.232,-60.664,65.768
-10.232,-60.664,65.769
-10.223,-60.648,65.89
-10.213,-60.639,66.012
-10.214,-60.639,66.012
-10.184,-60.637,66.114
-10.184,-60.637,66.115
-10.163,-60.618,66.236
-10.127,-60.625,66.383
-10.127,-60.625,66.383
-10.11,-60.625,66.505
-10.111,-60.625,66.506
-10.062,-60.618,66.639
-10.051,-60.618,66.743
-10.052,-60.618,66.743
-10.072,-60.639,66.734
-10.112,-60.662,66.723
-10.112,-60.662,66.723
-10.134,-60.666,66.698
-10.134,-60.666,66.698
-10.154,-60.681,66.661
-10.19,-60.705,66.624
-10.19,-60.705,66.624
-10.222,-60.701,66.584
-10.244,-60.695,66.53
-10.244,-60.695,66.53
-10.246,-60.725,66.544
-10.198,-60.766,66.53
-10.198,-60.766,66.53
-10.152,-60.815,66.504
-10.152,-60.815,66.504
-9.9845,-60.948,66.471
-8.9219,-61.938,66.453
-8.9219,-61.938,66.453
-8.5081,-62.261,66.431
-8.3106,-62.422,66.36
-8.3106,-62.422,66.36
-8.143,-62.56,66.284
-8.143,-62.56,66.284
-8.1835,-62.578,66.19
-8.1951,-62.587,66.098
-8.1945,-62.588,66.096
-8.224,-62.587,66.013
-8.237,-62.569,65.965
-8.237,-62.569,65.965
-8.253,-62.631,65.857
-8.2431,-62.64,65.809
-8.243,-62.64,65.809
-8.2538,-62.632,65.745
-8.2535,-62.632,65.744
-8.2794,-62.639,65.668
-8.2971,-62.642,65.594
-8.2966,-62.642,65.593
-8.3144,-62.648,65.542
-7.7225,-63.147,65.607
-7.7225,-63.147,65.607
-7.3773,-63.353,65.669
-7.3773,-63.353,65.669
-7.1738,-63.475,65.672
-7.1251,-63.546,65.556
-7.1249,-63.546,65.555
-7.1136,-63.559,65.497
-7.1096,-63.573,65.434
-7.1094,-63.573,65.434
-7.1492,-63.578,65.334
-7.1492,-63.578,65.334
-7.2111,-63.551,65.244
-7.2834,-63.538,65.112
-7.2834,-63.538,65.112
-7.353,-63.53,65.022
-7.4302,-63.479,64.984
-7.4302,-63.479,64.984
-7.4894,-63.441,64.9
